41
lcl|NC_009011.2_prot_YP_001036321.1_1 0.0000000 0.8866243 0.9164528 1.1101016 1.1597045 1.2482487 1.3700793 1.3756857 1.3632651 1.4403061 1.4075729 1.7851305 1.7978206 1.8687194 2.5057991 2.3657955 2.4805591 2.1745901 2.4406130 2.4195070 2.4696382 2.4452410 2.5329859 2.5320529 2.4807509 2.5299034 2.5329795 2.5520833 2.3966470 2.7055607 2.7893516 2.7534210 2.7669666 3.0143649 3.0770282 3.3090372 3.0950150 3.5549281 3.7359506 3.0930395 3.5559882 
lcl|NC_011616.1_prot_YP_002332728.1_1 0.8866243 0.0000000 0.3454638 0.7869671 0.8271855 0.9079393 1.0402091 1.0425432 1.0297130 1.2062282 1.0767436 1.6891401 1.7008488 1.7873248 2.2077688 1.9613162 2.3091236 2.0765277 2.0650131 2.2313046 2.1887722 2.2026585 2.2656492 2.2645707 2.1823950 2.2363014 2.2299362 2.2227484 2.1598849 2.4689207 2.6297196 2.5722727 2.7858464 2.9355796 2.6871923 3.0922944 2.9778196 3.6386394 3.5550611 2.5542747 3.4953825 
lcl|NC_002169.1_prot_NP_037790.1_1    0.9164528 0.3454638 0.0000000 0.8204842 0.8262963 0.9593594 1.0737589 1.0777479 1.0400712 1.2445678 1.0038878 1.6392584 1.6999906 1.7709340 2.2163382 2.0450945 2.2500613 2.1028202 2.1247737 2.2312430 2.1580425 2.1821993 2.1696666 2.1685285 2.2148334 2.1781520 2.1969367 2.2559832 2.2126417 2.5443671 2.5911809 2.6010307 2.7156083 2.9231158 2.7334509 3.1355690 2.9946865 3.5550920 3.5362684 2.2711786 3.6137862 
lcl|NC_011345.1_prot_YP_002268065.1_1 1.1101016 0.7869671 0.8204842 0.0000000 0.2448984 0.7361330 1.0487794 1.0506860 1.0243480 1.2109256 0.9600516 1.6432610 1.6441861 1.7411585 2.2169909 2.0517519 2.2335762 2.0572438 2.1458839 2.3285315 2.0908023 2.1974183 2.2115755 2.2099562 2.2613180 2.3967019 2.3626922 2.2483629 2.3018917 2.4900579 2.4712287 2.5372286 2.7292564 2.9968606 2.7915568 3.0692148 2.9959077 3.7793654 3.6111051 2.6866427 3.8130592 
lcl|NC_025960.1_prot_YP_009112592.1_1 1.1597045 0.8271855 0.8262963 0.2448984 0.0000000 0.7771785 1.0445746 1.0469196 1.0109275 1.2036639 0.9770634 1.7246154 1.7040488 1.8019665 2.2659180 2.0691410 2.2056255 2.0352673 2.1826903 2.2788280 2.0147823 2.1806826 2.2091316 2.2013755 2.2611612 2.3716374 2.3925781 2.2297163 2.2040984 2.4695943 2.4165789 2.3949895 2.7713400 2.9270513 2.8699242 3.0324291 2.9549653 3.6669092 3.5885099 2.3676986 3.7205232 
lcl|NC_007921.1_prot_YP_529701.1_1    1.2482487 0.9079393 0.9593594 0.7361330 0.7771785 0.0000000 1.0793750 1.0814723 1.0484136 1.1618975 1.0501626 1.6692432 1.6076127 1.7776745 2.2340737 2.0975883 2.2100912 2.0109168 2.2436109 2.1844923 2.0970714 2.1020208 2.2894821 2.2930076 2.3212961 2.3227256 2.3397014 2.1568751 2.2241804 2.4231153 2.5981617 2.4650594 2.8574717 2.9726845 2.9574202 3.1282366 3.0876204 3.6084973 3.5225608 2.4811935 3.5298598 
lcl|NC_023681.1_prot_YP_009011101.1_1 1.3700793 1.0402091 1.0737589 1.0487794 1.0445746 1.0793750 0.0000000 0.0023506 0.1160434 1.0536055 0.9983124 1.6762581 1.6567669 1.7103884 2.1797821 1.9953776 2.1703906 2.0368244 2.1817768 2.3263217 2.2956718 2.2433753 2.2114418 2.2115707 2.2658612 2.3656679 2.4065284 2.1303768 2.1052018 2.5653579 2.4838350 2.4820014 2.6345871 3.1598594 2.9691447 3.3047634 3.1726825 3.7914785 3.7440013 2.5289526 3.5338339 
lcl|NC_004117.1_prot_NP_689212.1_1    1.3756857 1.0425432 1.0777479 1.0506860 1.0469196 1.0814723 0.0023506 0.0000000 0.1161078 1.0539023 0.9959917 1.6798231 1.6583837 1.7128072 2.1822334 1.9935938 2.1728000 2.0408312 2.1851380 2.3242900 2.2936332 2.2501960 2.2119103 2.2120395 2.2671060 2.3661399 2.4070010 2.1285148 2.1033122 2.5647148 2.4839497 2.4821174 2.6346324 3.1589305 2.9682557 3.3036607 3.1717446 3.7856677 3.7383687 2.5289526 3.5277102 
lcl|NC_003529.1_prot_NP_613125.1_1    1.3632651 1.0297130 1.0400712 1.0243480 1.0109275 1.0484136 0.1160434 0.1161078 0.0000000 1.0528760 0.9761574 1.6400572 1.5951381 1.6699191 2.1013531 1.9648267 2.1010195 1.9994000 2.1645619 2.2834702 2.2122329 2.1986619 2.2259241 2.2260642 2.2817543 2.3389947 2.3832082 2.0776402 2.0931471 2.5777265 2.4701602 2.4803800 2.5992651 3.0662499 3.0630967 3.2016156 3.1120037 3.7257963 3.7568073 2.5752819 3.5143933 
lcl|NC_043530.1_prot_YP_009666684.1_1 1.4403061 1.2062282 1.2445678 1.2109256 1.2036639 1.1618975 1.0536055 1.0539023 1.0528760 0.0000000 1.1479508 1.7253254 1.7687556 1.7512297 2.0670574 2.0295603 2.0360795 2.0124318 2.1506656 2.1075198 2.1237108 2.2388853 2.3080734 2.3014959 2.0909264 2.2285970 2.2516754 2.1126517 2.2500275 2.4533522 2.2798591 2.3037561 2.8721180 2.9782556 2.9597229 3.2714413 3.0585127 3.7271265 3.8663274 2.4042187 3.6768134 
lcl|NC_024625.1_prot_YP_009049852.1_1 1.4075729 1.0767436 1.0038878 0.9600516 0.9770634 1.0501626 0.9983124 0.9959917 0.9761574 1.1479508 0.0000000 1.6516925 1.6659117 1.7159769 2.1078441 2.0397584 2.0232365 1.9986569 2.0486707 2.3714280 2.0034379 2.1938269 2.2336212 2.2345025 2.2725866 2.2994090 2.3655695 2.2740667 2.2249796 2.5445818 2.4969558 2.4942667 2.4716528 2.8772175 2.9436292 3.4026299 2.9953638 3.6377355 4.0264836 2.5996907 3.9565705 
lcl|NC_007151.1_prot_YP_249747.1_1    1.7851305 1.6891401 1.6392584 1.6432610 1.7246154 1.6692432 1.6762581 1.6798231 1.6400572 1.7253254 1.6516925 0.0000000 0.2044572 0.2340540 2.0926693 1.9383364 2.0942537 1.8761458 2.0072736 2.3431225 2.0419717 2.0411965 2.1011276 2.0982355 2.0734156 2.0921551 2.1272031 2.2424075 1.8805952 2.5209230 2.4495664 2.4695437 2.4817639 2.9373305 2.7481402 3.0457655 2.9161590 3.6771353 3.2801714 2.3437285 3.8640087 
lcl|NC_007383.1_prot_YP_309025.1_1    1.7978206 1.7008488 1.6999906 1.6441861 1.7040488 1.6076127 1.6567669 1.6583837 1.5951381 1.7687556 1.6659117 0.2044572 0.0000000 0.2788815 2.0443131 1.9781333 2.0319695 1.8546527 1.9604318 2.2911320 2.0229302 2.0369180 2.0910125 2.0954666 2.0858717 2.0832714 2.1071528 2.1938111 1.8057525 2.4413725 2.4000158 2.3716766 2.4546944 2.8309507 2.6836457 2.9894790 2.8490435 3.6215502 3.3336949 2.3115824 3.7484199 
lcl|NC_026268.1_prot_YP_009117049.1_1 1.8687194 1.7873248 1.7709340 1.7411585 1.8019665 1.7776745 1.7103884 1.7128072 1.6699191 1.7512297 1.7159769 0.2340540 0.2788815 0.0000000 2.0867449 1.9770988 2.1337803 1.9246253 1.9566380 2.3389515 2.0522243 2.0096234 2.0992152 2.0910643 2.0755494 2.1006115 2.1181883 2.2079681 1.9859971 2.4748322 2.4446488 2.4697474 2.5327011 2.9306020 2.6574599 3.0548102 2.9108775 3.8224066 3.3855861 2.5433643 3.9517115 
lcl|NC_013953.1_prot_YP_003517867.1_1 2.5057991 2.2077688 2.2163382 2.2169909 2.2659180 2.2340737 2.1797821 2.1822334 2.1013531 2.0670574 2.1078441 2.0926693 2.0443131 2.0867449 0.0000000 1.6773723 0.2518180 1.4924750 1.8640671 1.8500058 1.6592604 1.6359847 2.0198038 2.0213751 1.7405183 2.0608527 2.0557658 1.8795484 1.8313387 2.4755455 2.0661036 2.0615543 2.5765392 3.1632772 3.0361425 3.2463755 3.1875667 4.1929711 3.8425814 1.6686327 4.1447830 
lcl|NC_023442.1_prot_YP_009001898.1_1 2.3657955 1.9613162 2.0450945 2.0517519 2.0691410 2.0975883 1.9953776 1.9935938 1.9648267 2.0295603 2.0397584 1.9383364 1.9781333 1.9770988 1.6773723 0.0000000 1.6942407 1.5580409 2.0028713 1.3283870 1.1749395 1.6106459 1.9465912 1.9448229 1.2206322 1.9582670 2.0137285 0.8749723 1.2919389 2.2663475 2.1234478 2.1078937 2.4079037 2.7467219 2.9795448 2.9001553 2.8111245 3.8503909 3.7262526 1.2048815 3.7610965 
lcl|NC_001973.1_prot_NP_047766.1_1    2.4805591 2.3091236 2.2500613 2.2335762 2.2056255 2.2100912 2.1703906 2.1728000 2.1010195 2.0360795 2.0232365 2.0942537 2.0319695 2.1337803 0.2518180 1.6942407 0.0000000 1.4909561 1.8105884 1.7730667 1.7115862 1.6781937 2.0444455 2.0460408 1.8061704 2.1051727 2.1218104 1.8091107 1.8363944 2.3735328 2.0352679 2.1117330 2.6463329 3.1030404 3.1209975 3.1890322 3.1379952 4.1670097 3.8770666 1.6849569 4.2144361 
lcl|NC_027923.1_prot_YP_009165736.1_1 2.1745901 2.0765277 2.1028202 2.0572438 2.0352673 2.0109168 2.0368244 2.0408312 1.9994000 2.0124318 1.9986569 1.8761458 1.8546527 1.9246253 1.4924750 1.5580409 1.4909561 0.0000000 1.8251501 1.6537093 1.6158775 1.2934425 1.9331245 1.9485268 1.6729830 1.9243914 1.9504764 1.6449893 1.6992034 2.2588910 2.0262047 2.0328814 2.4030517 2.5624734 2.8412467 2.5788157 2.5924486 3.4110628 3.0191395 1.8370863 3.3448878 
lcl|NC_040606.1_prot_YP_009552261.1_1 2.4406130 2.0650131 2.1247737 2.1458839 2.1826903 2.2436109 2.1817768 2.1851380 2.1645619 2.1506656 2.0486707 2.0072736 1.9604318 1.9566380 1.8640671 2.0028713 1.8105884 1.8251501 0.0000000 2.0147098 1.9827274 1.8875392 2.1514585 2.1487830 1.9321226 1.8579519 1.9647287 2.1330255 1.9796060 2.5395052 2.2878900 2.2289496 2.4417515 2.6110692 2.7605436 2.8151200 2.6766874 3.4507644 3.1924314 2.1435319 3.7885708 
lcl|NC_010276.1_prot_YP_001651038.1_1 2.4195070 2.2313046 2.2312430 2.3285315 2.2788280 2.1844923 2.3263217 2.3242900 2.2834702 2.1075198 2.3714280 2.3431225 2.2911320 2.3389515 1.8500058 1.3283870 1.7730667 1.6537093 2.0147098 0.0000000 1.2940237 1.8447926 2.2320057 2.2366567 1.5487451 2.0926416 2.1063012 1.4093130 1.4747319 2.4372519 2.3693219 2.3538077 2.5172207 2.9315354 2.9578887 2.9319474 2.8564666 3.4743735 3.6482787 1.5011954 3.7240603 
lcl|NC_012639.1_prot_YP_002854743.1_1 2.4696382 2.1887722 2.1580425 2.0908023 2.0147823 2.0970714 2.2956718 2.2936332 2.2122329 2.1237108 2.0034379 2.0419717 2.0229302 2.0522243 1.6592604 1.1749395 1.7115862 1.6158775 1.9827274 1.2940237 0.0000000 1.5855294 2.0647177 2.0555584 1.3423036 1.9201862 1.9545562 1.2514332 1.4680106 2.2833493 2.1751858 2.1856453 2.3957763 2.8204033 3.0079508 2.7409646 2.8391818 3.7502135 3.6747408 1.3059339 3.8194499 
lcl|NC_008293.1_prot_YP_717666.1_1    2.4452410 2.2026585 2.1821993 2.1974183 2.1806826 2.1020208 2.2433753 2.2501960 2.1986619 2.2388853 2.1938269 2.0411965 2.0369180 2.0096234 1.6359847 1.6106459 1.6781937 1.2934425 1.8875392 1.8447926 1.5855294 0.0000000 1.9053689 1.8963368 1.7553720 1.9903015 2.0192921 1.8236751 1.6513747 2.2789492 2.1303695 2.1880914 2.5651464 2.6223169 2.7717276 2.6569753 2.5579441 3.3521089 3.2542592 1.4896985 3.4762272 
lcl|NC_002654.2_prot_NP_075198.1_1    2.5329859 2.2656492 2.1696666 2.2115755 2.2091316 2.2894821 2.2114418 2.2119103 2.2259241 2.3080734 2.2336212 2.1011276 2.0910125 2.0992152 2.0198038 1.9465912 2.0444455 1.9331245 2.1514585 2.2320057 2.0647177 1.9053689 0.0000000 0.0052912 2.2032501 2.1423733 2.2221728 2.1171805 2.3056824 2.1367475 2.0993619 2.0927615 2.4828609 2.8074621 2.7340365 2.7411006 2.8214466 3.3255350 3.0422164 2.0052537 3.7710798 
lcl|NC_003094.2_prot_NP_203686.1_1    2.5320529 2.2645707 2.1685285 2.2099562 2.2013755 2.2930076 2.2115707 2.2120395 2.2260642 2.3014959 2.2345025 2.0982355 2.0954666 2.0910643 2.0213751 1.9448229 2.0460408 1.9485268 2.1487830 2.2366567 2.0555584 1.8963368 0.0052912 0.0000000 2.2053329 2.1412698 2.2188585 2.1166820 2.3019860 2.1318811 2.0956927 2.0885598 2.4890525 2.8079740 2.7353726 2.7408124 2.8219654 3.3266421 3.0543480 2.0052537 3.7698698 
lcl|NC_021923.1_prot_YP_008378346.1_1 2.4807509 2.1823950 2.2148334 2.2613180 2.2611612 2.3212961 2.2658612 2.2671060 2.2817543 2.0909264 2.2725866 2.0734156 2.0858717 2.0755494 1.7405183 1.2206322 1.8061704 1.6729830 1.9321226 1.5487451 1.3423036 1.7553720 2.2032501 2.2053329 0.0000000 1.9844042 1.9975130 1.3760910 1.4260389 2.5378284 2.2650191 2.1528701 2.3861377 2.7145682 2.6880730 2.7602637 2.7522216 3.4082434 3.3185652 1.3961946 3.5343003 
lcl|NC_011423.1_prot_YP_002300633.1_1 2.5299034 2.2363014 2.1781520 2.3967019 2.3716374 2.3227256 2.3656679 2.3661399 2.3389947 2.2285970 2.2994090 2.0921551 2.0832714 2.1006115 2.0608527 1.9582670 2.1051727 1.9243914 1.8579519 2.0926416 1.9201862 1.9903015 2.1423733 2.1412698 1.9844042 0.0000000 0.1065260 2.0736839 1.9118464 2.3237487 2.4359707 2.4090290 2.3039697 2.6679609 3.0114521 2.8090092 2.6395260 3.4673374 3.5010680 1.7092620 3.8243256 
lcl|NC_004690.1_prot_NP_818766.1_1    2.5329795 2.2299362 2.1969367 2.3626922 2.3925781 2.3397014 2.4065284 2.4070010 2.3832082 2.2516754 2.3655695 2.1272031 2.1071528 2.1181883 2.0557658 2.0137285 2.1218104 1.9504764 1.9647287 2.1063012 1.9545562 2.0192921 2.2221728 2.2188585 1.9975130 0.1065260 0.0000000 2.1053145 1.9313525 2.3879497 2.4410557 2.4125369 2.3428723 2.6793476 3.0743843 2.8433644 2.6741643 3.4844729 3.5156594 1.7461098 3.7525317 
lcl|NC_028636.1_prot_YP_009186807.1_1 2.5520833 2.2227484 2.2559832 2.2483629 2.2297163 2.1568751 2.1303768 2.1285148 2.0776402 2.1126517 2.2740667 2.2424075 2.1938111 2.2079681 1.8795484 0.8749723 1.8091107 1.6449893 2.1330255 1.4093130 1.2514332 1.8236751 2.1171805 2.1166820 1.3760910 2.0736839 2.1053145 0.0000000 1.3307888 2.4586086 2.3935447 2.3330338 2.7037005 2.8087738 3.0085095 3.0458776 2.8857411 3.6665655 3.7051585 1.2090950 3.7855377 
lcl|NC_008586.1_prot_YP_874312.1_1    2.3966470 2.1598849 2.2126417 2.3018917 2.2040984 2.2241804 2.1052018 2.1033122 2.0931471 2.2500275 2.2249796 1.8805952 1.8057525 1.9859971 1.8313387 1.2919389 1.8363944 1.6992034 1.9796060 1.4747319 1.4680106 1.6513747 2.3056824 2.3019860 1.4260389 1.9118464 1.9313525 1.3307888 0.0000000 2.3115216 2.2356916 2.1946455 2.4770170 2.5217658 2.9169073 2.6011638 2.4983895 3.5172061 3.2718597 1.4096675 3.8457837 
lcl|NC_008348.1_prot_YP_758438.1_1    2.7055607 2.4689207 2.5443671 2.4900579 2.4695943 2.4231153 2.5653579 2.5647148 2.5777265 2.4533522 2.5445818 2.5209230 2.4413725 2.4748322 2.4755455 2.2663475 2.3735328 2.2588910 2.5395052 2.4372519 2.2833493 2.2789492 2.1367475 2.1318811 2.5378284 2.3237487 2.3879497 2.4586086 2.3115216 0.0000000 1.6979950 1.6779204 2.7951443 2.8178074 2.8684863 3.1360692 2.8313555 3.5001922 3.4167911 2.3720462 3.8935052 
lcl|NC_038369.1_prot_YP_009505922.1_1 2.7893516 2.6297196 2.5911809 2.4712287 2.4165789 2.5981617 2.4838350 2.4839497 2.4701602 2.2798591 2.4969558 2.4495664 2.4000158 2.4446488 2.0661036 2.1234478 2.0352679 2.0262047 2.2878900 2.3693219 2.1751858 2.1303695 2.0993619 2.0956927 2.2650191 2.4359707 2.4410557 2.3935447 2.2356916 1.6979950 0.0000000 0.1857129 2.8342718 2.8193045 2.7513489 2.9592468 2.9004761 3.6738705 3.4972008 2.0926256 4.2959104 
lcl|NC_003102.1_prot_NP_258386.1_1    2.7534210 2.5722727 2.6010307 2.5372286 2.3949895 2.4650594 2.4820014 2.4821174 2.4803800 2.3037561 2.4942667 2.4695437 2.3716766 2.4697474 2.0615543 2.1078937 2.1117330 2.0328814 2.2289496 2.3538077 2.1856453 2.1880914 2.0927615 2.0885598 2.1528701 2.4090290 2.4125369 2.3330338 2.1946455 1.6779204 0.1857129 0.0000000 2.7465615 2.8085044 2.8280455 2.9617141 2.8914321 3.6475350 3.4363219 2.1666943 4.2459658 
lcl|NC_029997.2_prot_YP_009250098.2_1 2.7669666 2.7858464 2.7156083 2.7292564 2.7713400 2.8574717 2.6345871 2.6346324 2.5992651 2.8721180 2.4716528 2.4817639 2.4546944 2.5327011 2.5765392 2.4079037 2.6463329 2.4030517 2.4417515 2.5172207 2.3957763 2.5651464 2.4828609 2.4890525 2.3861377 2.3039697 2.3428723 2.7037005 2.4770170 2.7951443 2.8342718 2.7465615 0.0000000 2.9635085 2.9147338 3.1165739 2.9929073 3.8714210 3.4089992 2.5393792 3.7101114 
lcl|NC_021248.1_prot_YP_008004365.1_1 3.0143649 2.9355796 2.9231158 2.9968606 2.9270513 2.9726845 3.1598594 3.1589305 3.0662499 2.9782556 2.8772175 2.9373305 2.8309507 2.9306020 3.1632772 2.7467219 3.1030404 2.5624734 2.6110692 2.9315354 2.8204033 2.6223169 2.8074621 2.8079740 2.7145682 2.6679609 2.6793476 2.8087738 2.5217658 2.8178074 2.8193045 2.8085044 2.9635085 0.0000000 2.9289939 0.8680188 0.1278484 1.2308969 1.5703222 2.7330852 1.7840063 
lcl|NC_040621.1_prot_YP_009552665.1_1 3.0770282 2.6871923 2.7334509 2.7915568 2.8699242 2.9574202 2.9691447 2.9682557 3.0630967 2.9597229 2.9436292 2.7481402 2.6836457 2.6574599 3.0361425 2.9795448 3.1209975 2.8412467 2.7605436 2.9578887 3.0079508 2.7717276 2.7340365 2.7353726 2.6880730 3.0114521 3.0743843 3.0085095 2.9169073 2.8684863 2.7513489 2.8280455 2.9147338 2.9289939 0.0000000 3.0456033 2.9739123 3.2006460 3.3198583 2.8340275 3.4218431 
lcl|NC_002520.1_prot_NP_064785.1_1    3.3090372 3.0922944 3.1355690 3.0692148 3.0324291 3.1282366 3.3047634 3.3036607 3.2016156 3.2714413 3.4026299 3.0457655 2.9894790 3.0548102 3.2463755 2.9001553 3.1890322 2.5788157 2.8151200 2.9319474 2.7409646 2.6569753 2.7411006 2.7408124 2.7602637 2.8090092 2.8433644 3.0458776 2.6011638 3.1360692 2.9592468 2.9617141 3.1165739 0.8680188 3.0456033 0.0000000 0.8801446 1.3833688 1.7925416 2.4675829 1.9607210 
lcl|NC_021249.1_prot_YP_008004665.1_1 3.0950150 2.9778196 2.9946865 2.9959077 2.9549653 3.0876204 3.1726825 3.1717446 3.1120037 3.0585127 2.9953638 2.9161590 2.8490435 2.9108775 3.1875667 2.8111245 3.1379952 2.5924486 2.6766874 2.8564666 2.8391818 2.5579441 2.8214466 2.8219654 2.7522216 2.6395260 2.6741643 2.8857411 2.4983895 2.8313555 2.9004761 2.8914321 2.9929073 0.1278484 2.9739123 0.8801446 0.0000000 1.2207964 1.5637611 2.5903343 1.8576652 
lcl|NC_002520.1_prot_NP_065040.1_1    3.5549281 3.6386394 3.5550920 3.7793654 3.6669092 3.6084973 3.7914785 3.7856677 3.7257963 3.7271265 3.6377355 3.6771353 3.6215502 3.8224066 4.1929711 3.8503909 4.1670097 3.4110628 3.4507644 3.4743735 3.7502135 3.3521089 3.3255350 3.3266421 3.4082434 3.4673374 3.4844729 3.6665655 3.5172061 3.5001922 3.6738705 3.6475350 3.8714210 1.2308969 3.2006460 1.3833688 1.2207964 0.0000000 1.8240725 2.9958858 1.9904725 
lcl|NC_021246.1_prot_YP_008003553.1_1 3.7359506 3.5550611 3.5362684 3.6111051 3.5885099 3.5225608 3.7440013 3.7383687 3.7568073 3.8663274 4.0264836 3.2801714 3.3336949 3.3855861 3.8425814 3.7262526 3.8770666 3.0191395 3.1924314 3.6482787 3.6747408 3.2542592 3.0422164 3.0543480 3.3185652 3.5010680 3.5156594 3.7051585 3.2718597 3.4167911 3.4972008 3.4363219 3.4089992 1.5703222 3.3198583 1.7925416 1.5637611 1.8240725 0.0000000 3.0436348 1.6083590 
lcl|NC_018504.1_prot_YP_006607778.1_1 3.0930395 2.5542747 2.2711786 2.6866427 2.3676986 2.4811935 2.5289526 2.5289526 2.5752819 2.4042187 2.5996907 2.3437285 2.3115824 2.5433643 1.6686327 1.2048815 1.6849569 1.8370863 2.1435319 1.5011954 1.3059339 1.4896985 2.0052537 2.0052537 1.3961946 1.7092620 1.7461098 1.2090950 1.4096675 2.3720462 2.0926256 2.1666943 2.5393792 2.7330852 2.8340275 2.4675829 2.5903343 2.9958858 3.0436348 0.0000000 4.2379011 
lcl|NC_021247.1_prot_YP_008003846.1_1 3.5559882 3.4953825 3.6137862 3.8130592 3.7205232 3.5298598 3.5338339 3.5277102 3.5143933 3.6768134 3.9565705 3.8640087 3.7484199 3.9517115 4.1447830 3.7610965 4.2144361 3.3448878 3.7885708 3.7240603 3.8194499 3.4762272 3.7710798 3.7698698 3.5343003 3.8243256 3.7525317 3.7855377 3.8457837 3.8935052 4.2959104 4.2459658 3.7101114 1.7840063 3.4218431 1.9607210 1.8576652 1.9904725 1.6083590 4.2379011 0.0000000 
