40
YP_001036321.1 0.0000000 0.6989229 0.7172503 0.8550251 0.8872499 0.9933134 1.0311935 1.0299476 1.0210883 1.1242184 1.0700397 1.2513008 1.2444413 1.2651451 1.6367866 1.5149932 1.6453833 1.5434040 1.6178677 1.5823470 1.6533369 1.7245932 1.6978510 1.6911380 1.5448778 1.6859682 1.6351266 1.6442328 1.8581605 1.8493761 1.8792706 1.8579000 2.1587882 2.1005746 2.0744327 2.2078483 2.2265461 2.3241295 1.9537851 2.3558057 
YP_002332728.1 0.6989229 0.0000000 0.2950730 0.6444151 0.6874568 0.7281527 0.8896693 0.8930471 0.8662859 0.8984441 0.8057157 1.1847088 1.2648875 1.2264373 1.4822947 1.3961301 1.4345329 1.4964931 1.4474379 1.5523460 1.4192941 1.6199823 1.5466900 1.5448570 1.4920591 1.5659521 1.5415825 1.4643274 1.5608067 1.7394680 1.6807249 1.9751620 2.4063663 1.9732197 2.4929922 2.5139782 2.8696059 2.6726816 1.7415172 2.8820245 
NP_037790.1    0.7172503 0.2950730 0.0000000 0.6737898 0.7085035 0.7498756 0.9503255 0.9500830 0.9093740 0.9372056 0.7910040 1.1642544 1.2075552 1.2246227 1.4925228 1.4421865 1.4043604 1.4980147 1.4650831 1.4932662 1.4336432 1.5753366 1.5180036 1.5152844 1.4998920 1.5088153 1.5150109 1.5003464 1.5976625 1.6678910 1.6448631 1.8917581 2.6694427 2.0986757 2.6688685 2.6708829 2.6808875 2.4985336 1.6156763 2.6633903 
YP_002268065.1 0.8550251 0.6444151 0.6737898 0.0000000 0.1957990 0.6079914 0.8677762 0.8736526 0.8392307 0.7989066 0.7183933 1.2350501 1.2407434 1.2706097 1.3227614 1.5141853 1.2976885 1.3982214 1.4777186 1.6334496 1.4095635 1.7668138 1.5481323 1.5517289 1.5948134 1.8162731 1.5853250 1.5962849 1.5907932 1.5648809 1.6103840 1.9323735 2.5398302 2.1087757 2.7553277 2.5180690 3.1166948 2.8002425 1.8153592 3.2277209 
YP_009112592.1 0.8872499 0.6874568 0.7085035 0.1957990 0.0000000 0.6096201 0.8551860 0.8584232 0.8322269 0.8293046 0.7606567 1.2377386 1.2820650 1.3093566 1.3589271 1.4376812 1.3316593 1.3837543 1.5355190 1.5643825 1.3464738 1.7060448 1.5857060 1.5848386 1.6859032 1.7428400 1.5908148 1.5437578 1.6571930 1.5632339 1.5672072 1.9093454 2.2771569 2.0923636 2.5840407 2.2973469 2.7689038 2.6352696 1.6363100 2.9799413 
YP_529701.1    0.9933134 0.7281527 0.7498756 0.6079914 0.6096201 0.0000000 0.8724526 0.8742357 0.8178469 0.8350033 0.7394311 1.2077550 1.2173056 1.2297789 1.4203290 1.5642085 1.3169210 1.5052023 1.5356563 1.6106448 1.3907258 1.6607389 1.6252437 1.6241620 1.7131361 1.7132927 1.6776314 1.6603569 1.5653715 1.6671976 1.7201290 2.0292162 2.7727279 2.2504315 2.7753017 2.9472549 3.1209804 2.8420190 1.7590600 3.3399743 
YP_009011101.1 1.0311935 0.8896693 0.9503255 0.8677762 0.8551860 0.8724526 0.0000000 0.0055009 0.1380799 0.8885088 0.7980642 1.2260474 1.1835911 1.2291366 1.4203986 1.4449908 1.4681895 1.4700467 1.6595271 1.7116552 1.5354586 1.5721465 1.6142773 1.6075022 1.6782917 1.7775367 1.5190868 1.3776454 1.8115355 1.7716180 1.7553518 1.9840923 2.2754178 2.0275117 2.3228090 2.2960151 2.5298276 2.4252551 1.7944720 2.8422830 
NP_689212.1    1.0299476 0.8930471 0.9500830 0.8736526 0.8584232 0.8742357 0.0055009 0.0000000 0.1380939 0.8880533 0.8015051 1.2287619 1.1849225 1.2312310 1.4352805 1.4490007 1.4784661 1.4758921 1.6692370 1.7218399 1.5349524 1.5755315 1.6295337 1.6226601 1.6810126 1.7869335 1.5265617 1.3838960 1.8394764 1.7905767 1.7731155 2.0078504 2.2710182 2.0492761 2.3280999 2.2952604 2.5108281 2.4155995 1.7879206 2.8167856 
NP_613125.1    1.0210883 0.8662859 0.9093740 0.8392307 0.8322269 0.8178469 0.1380799 0.1380939 0.0000000 0.8430460 0.7456493 1.2476631 1.2042054 1.2200891 1.3244755 1.4060380 1.3635545 1.4640131 1.5624499 1.6902600 1.4385619 1.5504280 1.6325369 1.6296336 1.6531034 1.7469646 1.4462999 1.4023829 1.8031100 1.6863974 1.6622467 1.9977040 2.3681961 2.0970952 2.4070976 2.4441842 2.6511786 2.6598026 1.8933167 2.9042447 
YP_009666684.1 1.1242184 0.8984441 0.9372056 0.7989066 0.8293046 0.8350033 0.8885088 0.8880533 0.8430460 0.0000000 0.7656015 1.2095199 1.2272062 1.2205460 1.2092183 1.4459720 1.1359559 1.4743753 1.5205926 1.5669678 1.4773889 1.7169844 1.7089787 1.7076268 1.4987432 1.6509501 1.5773595 1.6159857 1.5454139 1.5000343 1.4507763 2.0298441 2.5037370 2.2161722 2.9246667 2.5524332 3.1030776 3.1608091 1.6690947 3.4223680 
YP_009049852.1 1.0700397 0.8057157 0.7910040 0.7183933 0.7606567 0.7394311 0.7980642 0.8015051 0.7456493 0.7656015 0.0000000 1.2127873 1.2579870 1.2530391 1.1726664 1.5336960 1.0861085 1.3711090 1.5322813 1.6142925 1.3633085 1.6340054 1.6499383 1.6460648 1.7180407 1.7432024 1.6123621 1.5773721 1.5957407 1.5110167 1.5992698 1.8629046 2.5515250 2.3909388 3.4774891 2.6549463 3.3064718 3.8678492 2.0565259 4.8607517 
YP_249747.1    1.2513008 1.1847088 1.1642544 1.2350501 1.2377386 1.2077550 1.2260474 1.2287619 1.2476631 1.2095199 1.2127873 0.0000000 0.1822193 0.2149443 1.4806894 1.3776825 1.4607272 1.4065520 1.3789308 1.6348647 1.4256261 1.4103300 1.4155468 1.4132681 1.3951195 1.5103254 1.6128119 1.3498053 1.7225104 1.5463975 1.5996371 1.7218008 2.0972677 1.8908456 2.1050090 2.0868219 2.4203966 2.2538456 1.5267468 2.7428988 
YP_309025.1    1.2444413 1.2648875 1.2075552 1.2407434 1.2820650 1.2173056 1.1835911 1.1849225 1.2042054 1.2272062 1.2579870 0.1822193 0.0000000 0.2411678 1.4989279 1.3985675 1.5149290 1.3877858 1.4323428 1.6224858 1.4235324 1.3998776 1.4957717 1.4992483 1.5009638 1.5451504 1.6387660 1.3333257 1.6201804 1.6041098 1.6835094 1.7375892 2.0649821 1.8876974 2.2211237 2.0758573 2.3797591 2.2109836 1.5401445 2.6972787 
YP_009117049.1 1.2651451 1.2264373 1.2246227 1.2706097 1.3093566 1.2297789 1.2291366 1.2312310 1.2200891 1.2205460 1.2530391 0.2149443 0.2411678 0.0000000 1.5052438 1.4297325 1.5199218 1.4534884 1.4446667 1.6781113 1.4642370 1.3860485 1.4688073 1.4630883 1.4688043 1.5718281 1.6343757 1.4685950 1.7360295 1.6428907 1.7600459 1.7018386 2.1762799 1.9909350 2.2136596 2.1741188 2.5412181 2.3983975 1.6761103 2.7953845 
YP_003517867.1 1.6367866 1.4822947 1.4925228 1.3227614 1.3589271 1.4203290 1.4203986 1.4352805 1.3244755 1.2092183 1.1726664 1.4806894 1.4989279 1.5052438 0.0000000 1.2629527 0.1635511 1.0572508 1.2537238 1.2589252 1.1180226 1.2803499 1.3873078 1.3944854 1.3440755 1.4972526 1.3071340 1.2261483 1.3513155 1.2405557 1.2601756 1.8317753 2.5939880 2.3949281 3.0183323 2.6522523 4.1469987 3.2566832 1.2944538 3.8266818 
YP_009001898.1 1.5149932 1.3961301 1.4421865 1.5141853 1.4376812 1.5642085 1.4449908 1.4490007 1.4060380 1.4459720 1.5336960 1.3776825 1.3985675 1.4297325 1.2629527 0.0000000 1.2664316 1.1469224 1.3896162 1.0111122 0.9169431 1.1869752 1.4204804 1.4174259 0.9629087 1.3740876 0.7557664 0.9544641 1.5719773 1.4636164 1.4328482 1.5944075 1.8147414 2.0977072 1.8259438 1.8825619 2.4291293 2.3939645 0.9257473 2.4020884 
NP_047766.1    1.6453833 1.4345329 1.4043604 1.2976885 1.3316593 1.3169210 1.4681895 1.4784661 1.3635545 1.1359559 1.0861085 1.4607272 1.5149290 1.5199218 0.1635511 1.2664316 0.0000000 1.0873593 1.2396437 1.2218730 1.0969815 1.3034375 1.3458513 1.3511088 1.3429156 1.5569229 1.3447143 1.2519089 1.3248933 1.1984327 1.2856453 1.7953421 2.8365411 2.3263352 3.3155647 2.8709831 4.3412760 3.5348853 1.3051980 4.3550058 
YP_009165736.1 1.5434040 1.4964931 1.4980147 1.3982214 1.3837543 1.5052023 1.4700467 1.4758921 1.4640131 1.4743753 1.3711090 1.4065520 1.3877858 1.4534884 1.0572508 1.1469224 1.0873593 0.0000000 1.2592510 1.2016685 1.2384641 1.0146055 1.4233012 1.4234162 1.2163861 1.3506657 1.2232685 1.2037092 1.6031215 1.3911189 1.4076507 1.5087718 1.8906626 2.1882061 1.9584718 1.9190957 2.2330001 2.1235114 1.3505607 2.1972456 
YP_009552261.1 1.6178677 1.4474379 1.4650831 1.4777186 1.5355190 1.5356563 1.6595271 1.6692370 1.5624499 1.5205926 1.5322813 1.3789308 1.4323428 1.4446667 1.2537238 1.3896162 1.2396437 1.2592510 0.0000000 1.2891771 1.3765038 1.4084831 1.4764277 1.4693239 1.2497447 1.3618904 1.4209326 1.3908884 1.7113566 1.5811290 1.5592505 1.7932561 1.8794468 1.9644486 2.0530741 1.8679063 2.1409219 2.1248863 1.5270282 2.6109475 
YP_001651038.1 1.5823470 1.5523460 1.4932662 1.6334496 1.5643825 1.6106448 1.7116552 1.7218399 1.6902600 1.5669678 1.6142925 1.6348647 1.6224858 1.6781113 1.2589252 1.0111122 1.2218730 1.2016685 1.2891771 0.0000000 0.9943623 1.4210827 1.5167142 1.5139286 1.0807161 1.3738288 1.0360576 1.0455014 1.5370192 1.6360210 1.6764230 1.7388700 2.0333568 2.1386470 1.9901226 2.0218107 2.4187349 2.4401592 1.0883481 2.4105993 
YP_002854743.1 1.6533369 1.4192941 1.4336432 1.4095635 1.3464738 1.3907258 1.5354586 1.5349524 1.4385619 1.4773889 1.3633085 1.4256261 1.4235324 1.4642370 1.1180226 0.9169431 1.0969815 1.2384641 1.3765038 0.9943623 0.0000000 1.1607397 1.4170926 1.4201351 0.9916265 1.3721594 0.9203304 0.9830963 1.4738496 1.5347550 1.5333829 1.5919705 2.1093106 2.1659776 2.1224066 2.1263764 2.5938835 2.4739330 0.9937937 2.5338315 
YP_717666.1    1.7245932 1.6199823 1.5753366 1.7668138 1.7060448 1.6607389 1.5721465 1.5755315 1.5504280 1.7169844 1.6340054 1.4103300 1.3998776 1.3860485 1.2803499 1.1869752 1.3034375 1.0146055 1.4084831 1.4210827 1.1607397 0.0000000 1.3773688 1.3767577 1.2968696 1.3798632 1.3402967 1.1624336 1.6789806 1.4504442 1.4572745 1.6795171 1.7672979 2.0206223 1.6950616 1.7658759 2.2562347 2.0819759 1.0696649 2.2933715 
NP_075198.1    1.6978510 1.5466900 1.5180036 1.5481323 1.5857060 1.6252437 1.6142773 1.6295337 1.6325369 1.7089787 1.6499383 1.4155468 1.4957717 1.4688073 1.3873078 1.4204804 1.3458513 1.4233012 1.4764277 1.5167142 1.4170926 1.3773688 0.0000000 0.0024763 1.6087997 1.5549480 1.6040316 1.5265239 1.5084288 1.5005100 1.4613978 1.6651372 1.8626595 2.0207822 1.9347386 1.8770311 2.3282300 2.0338802 1.2320035 2.5131628 
NP_203686.1    1.6911380 1.5448570 1.5152844 1.5517289 1.5848386 1.6241620 1.6075022 1.6226601 1.6296336 1.7076268 1.6460648 1.4132681 1.4992483 1.4630883 1.3944854 1.4174259 1.3511088 1.4234162 1.4693239 1.5139286 1.4201351 1.3767577 0.0024763 0.0000000 1.6089164 1.5595691 1.6062057 1.5310604 1.5069125 1.4951595 1.4594746 1.6573886 1.8718428 2.0389709 1.9396201 1.8863023 2.3355380 2.0359648 1.2320035 2.4961434 
YP_008378346.1 1.5448778 1.4920591 1.4998920 1.5948134 1.6859032 1.7131361 1.6782917 1.6810126 1.6531034 1.4987432 1.7180407 1.3951195 1.5009638 1.4688043 1.3440755 0.9629087 1.3429156 1.2163861 1.2497447 1.0807161 0.9916265 1.2968696 1.6087997 1.6089164 0.0000000 1.3314089 1.1316914 1.0230968 1.7842695 1.5242507 1.5280223 1.5231940 1.8027455 1.8847254 1.6855472 1.8343413 2.0465861 2.0693132 0.9908312 2.2176006 
NP_818766.1    1.6859682 1.5659521 1.5088153 1.8162731 1.7428400 1.7132927 1.7775367 1.7869335 1.7469646 1.6509501 1.7432024 1.5103254 1.5451504 1.5718281 1.4972526 1.3740876 1.5569229 1.3506657 1.3618904 1.3738288 1.3721594 1.3798632 1.5549480 1.5595691 1.3314089 0.0000000 1.4401182 1.3214355 1.7036068 1.6401754 1.6319162 1.4767806 1.7272717 2.1882576 1.7410261 1.6630550 2.1385562 1.9839982 1.2266335 2.1111636 
YP_009186807.1 1.6351266 1.5415825 1.5150109 1.5853250 1.5908148 1.6776314 1.5190868 1.5265617 1.4462999 1.5773595 1.6123621 1.6128119 1.6387660 1.6343757 1.3071340 0.7557664 1.3447143 1.2232685 1.4209326 1.0360576 0.9203304 1.3402967 1.6040316 1.6062057 1.1316914 1.4401182 0.0000000 0.9910641 1.7461664 1.5769885 1.5575427 1.7805098 2.0101929 2.3416253 2.0624133 2.0405710 2.3188867 2.3359970 0.9617403 2.5199289 
YP_874312.1    1.6442328 1.4643274 1.5003464 1.5962849 1.5437578 1.6603569 1.3776454 1.3838960 1.4023829 1.6159857 1.5773721 1.3498053 1.3333257 1.4685950 1.2261483 0.9544641 1.2519089 1.2037092 1.3908884 1.0455014 0.9830963 1.1624336 1.5265239 1.5310604 1.0230968 1.3214355 0.9910641 0.0000000 1.6448730 1.4389778 1.5060470 1.6681534 1.7286422 2.0507414 1.8000721 1.7244849 2.2846102 2.1063413 0.9674570 2.3320594 
YP_758438.1    1.8581605 1.5608067 1.5976625 1.5907932 1.6571930 1.5653715 1.8115355 1.8394764 1.8031100 1.5454139 1.5957407 1.7225104 1.6201804 1.7360295 1.3513155 1.5719773 1.3248933 1.6031215 1.7113566 1.5370192 1.4738496 1.6789806 1.5084288 1.5069125 1.7842695 1.7036068 1.7461664 1.6448730 0.0000000 1.1776366 1.2211784 1.9075659 2.3328557 1.9521074 2.8174827 2.3317832 2.9856324 2.6864240 1.6933033 3.6037492 
YP_009505922.1 1.8493761 1.7394680 1.6678910 1.5648809 1.5632339 1.6671976 1.7716180 1.7905767 1.6863974 1.5000343 1.5110167 1.5463975 1.6041098 1.6428907 1.2405557 1.4636164 1.1984327 1.3911189 1.5811290 1.6360210 1.5347550 1.4504442 1.5005100 1.4951595 1.5242507 1.6401754 1.5769885 1.4389778 1.1776366 0.0000000 0.1626795 1.8905019 2.1219113 1.8407756 2.1764061 2.1884760 2.5561097 2.7261390 1.5804808 2.8831244 
NP_258386.1    1.8792706 1.6807249 1.6448631 1.6103840 1.5672072 1.7201290 1.7553518 1.7731155 1.6622467 1.4507763 1.5992698 1.5996371 1.6835094 1.7600459 1.2601756 1.4328482 1.2856453 1.4076507 1.5592505 1.6764230 1.5333829 1.4572745 1.4613978 1.4594746 1.5280223 1.6319162 1.5575427 1.5060470 1.2211784 0.1626795 0.0000000 1.7828523 2.2625023 1.8716123 2.1734755 2.3234497 2.5556423 2.6779659 1.5087019 2.9172650 
YP_009250098.2 1.8579000 1.9751620 1.8917581 1.9323735 1.9093454 2.0292162 1.9840923 2.0078504 1.9977040 2.0298441 1.8629046 1.7218008 1.7375892 1.7018386 1.8317753 1.5944075 1.7953421 1.5087718 1.7932561 1.7388700 1.5919705 1.6795171 1.6651372 1.6573886 1.5231940 1.4767806 1.7805098 1.6681534 1.9075659 1.8905019 1.7828523 0.0000000 1.9098436 2.0538974 1.8378301 1.8753944 2.2209757 2.1325872 1.5646762 2.3572359 
YP_008004365.1 2.1587882 2.4063663 2.6694427 2.5398302 2.2771569 2.7727279 2.2754178 2.2710182 2.3681961 2.5037370 2.5515250 2.0972677 2.0649821 2.1762799 2.5939880 1.8147414 2.8365411 1.8906626 1.8794468 2.0333568 2.1093106 1.7672979 1.8626595 1.8718428 1.8027455 1.7272717 2.0101929 1.7286422 2.3328557 2.1219113 2.2625023 1.9098436 0.0000000 1.8522888 0.5160939 0.0613780 0.6596987 0.9036953 1.7014291 1.0665865 
YP_009552665.1 2.1005746 1.9732197 2.0986757 2.1087757 2.0923636 2.2504315 2.0275117 2.0492761 2.0970952 2.2161722 2.3909388 1.8908456 1.8876974 1.9909350 2.3949281 2.0977072 2.3263352 2.1882061 1.9644486 2.1386470 2.1659776 2.0206223 2.0207822 2.0389709 1.8847254 2.1882576 2.3416253 2.0507414 1.9521074 1.8407756 1.8716123 2.0538974 1.8522888 0.0000000 1.9089428 1.9029571 1.9782101 2.0463549 2.0153953 2.0944450 
NP_064785.1    2.0744327 2.4929922 2.6688685 2.7553277 2.5840407 2.7753017 2.3228090 2.3280999 2.4070976 2.9246667 3.4774891 2.1050090 2.2211237 2.2136596 3.0183323 1.8259438 3.3155647 1.9584718 2.0530741 1.9901226 2.1224066 1.6950616 1.9347386 1.9396201 1.6855472 1.7410261 2.0624133 1.8000721 2.8174827 2.1764061 2.1734755 1.8378301 0.5160939 1.9089428 0.0000000 0.5245268 0.7607216 0.9518056 1.5620584 1.0678469 
YP_008004665.1 2.2078483 2.5139782 2.6708829 2.5180690 2.2973469 2.9472549 2.2960151 2.2952604 2.4441842 2.5524332 2.6549463 2.0868219 2.0758573 2.1741188 2.6522523 1.8825619 2.8709831 1.9190957 1.8679063 2.0218107 2.1263764 1.7658759 1.8770311 1.8863023 1.8343413 1.6630550 2.0405710 1.7244849 2.3317832 2.1884760 2.3234497 1.8753944 0.0613780 1.9029571 0.5245268 0.0000000 0.6634938 0.8904040 1.5934119 1.0939685 
NP_065040.1    2.2265461 2.8696059 2.6808875 3.1166948 2.7689038 3.1209804 2.5298276 2.5108281 2.6511786 3.1030776 3.3064718 2.4203966 2.3797591 2.5412181 4.1469987 2.4291293 4.3412760 2.2330001 2.1409219 2.4187349 2.5938835 2.2562347 2.3282300 2.3355380 2.0465861 2.1385562 2.3188867 2.2846102 2.9856324 2.5561097 2.5556423 2.2209757 0.6596987 1.9782101 0.7607216 0.6634938 0.0000000 0.9835541 1.7674413 1.0634822 
YP_008003553.1 2.3241295 2.6726816 2.4985336 2.8002425 2.6352696 2.8420190 2.4252551 2.4155995 2.6598026 3.1608091 3.8678492 2.2538456 2.2109836 2.3983975 3.2566832 2.3939645 3.5348853 2.1235114 2.1248863 2.4401592 2.4739330 2.0819759 2.0338802 2.0359648 2.0693132 1.9839982 2.3359970 2.1063413 2.6864240 2.7261390 2.6779659 2.1325872 0.9036953 2.0463549 0.9518056 0.8904040 0.9835541 0.0000000 1.6849595 0.9213830 
YP_006607778.1 1.9537851 1.7415172 1.6156763 1.8153592 1.6363100 1.7590600 1.7944720 1.7879206 1.8933167 1.6690947 2.0565259 1.5267468 1.5401445 1.6761103 1.2944538 0.9257473 1.3051980 1.3505607 1.5270282 1.0883481 0.9937937 1.0696649 1.2320035 1.2320035 0.9908312 1.2266335 0.9617403 0.9674570 1.6933033 1.5804808 1.5087019 1.5646762 1.7014291 2.0153953 1.5620584 1.5934119 1.7674413 1.6849595 0.0000000 2.0440462 
YP_008003846.1 2.3558057 2.8820245 2.6633903 3.2277209 2.9799413 3.3399743 2.8422830 2.8167856 2.9042447 3.4223680 4.8607517 2.7428988 2.6972787 2.7953845 3.8266818 2.4020884 4.3550058 2.1972456 2.6109475 2.4105993 2.5338315 2.2933715 2.5131628 2.4961434 2.2176006 2.1111636 2.5199289 2.3320594 3.6037492 2.8831244 2.9172650 2.3572359 1.0665865 2.0944450 1.0678469 1.0939685 1.0634822 0.9213830 2.0440462 0.0000000 
