6
NC_009011.2     0.00000000 0.10644968 0.11604701 0.10954552 0.27092651 0.10474337 
HM595733.1      0.10644968 0.00000000 0.12360572 0.00312394 0.25677614 0.05964360 
EU258200.1      0.11604701 0.12360572 0.00000000 0.12782052 0.27132138 0.12082263 
JF899325.1      0.10954552 0.00312394 0.12782052 0.00000000 0.21594910 0.06405819 
KF891883.1      0.27092651 0.25677614 0.27132138 0.21594910 0.00000000 0.26333177 
genome_assembly 0.10474337 0.05964360 0.12082263 0.06405819 0.26333177 0.00000000 
