6
HM595733.1       0.00000000 0.12661368 0.00319434 0.10901112 0.26375530 0.06175068 
EU258200.1       0.12661368 0.00000000 0.13094374 0.11886032 0.27879934 0.12391496 
JF899325.1       0.00319434 0.13094374 0.00000000 0.11219157 0.22161626 0.06631423 
NC_009011.2      0.10901112 0.11886032 0.11219157 0.00000000 0.27839050 0.10809137 
KF891883.1       0.26375530 0.27879934 0.22161626 0.27839050 0.00000000 0.27183666 
sfmnpv_argentina 0.06175068 0.12391496 0.06631423 0.10809137 0.27183666 0.00000000 
