43
YP_001036321.1_Spodoptera_frugiperda_multiple_nucleopolyhedrovirus 0.0000000 0.8651521 0.8737611 1.0516677 1.1219948 1.2309965 1.3042343 1.3078524 1.3201612 1.3491585 1.3808033 1.7180430 1.7230508 1.7717068 2.3839610 2.2721548 2.3664256 2.0937387 2.3554176 2.2483438 2.3333416 2.3492834 2.4372397 2.4297355 2.2663419 2.3842896 2.3763026 2.4409923 2.2970138 2.6226882 2.7336720 2.6885210 2.5897148 2.8974844 2.9685680 3.1823413 2.9761326 3.2808608 3.4567744 2.8543579 3.4983751 3.3531686 3.9604135 
YP_002332728.1_Spodoptera_litura_nucleopolyhedrovirus_II           0.8651521 0.0000000 0.3381356 0.7665631 0.8212534 0.9047606 1.0024750 1.0047423 0.9972356 1.1454191 1.0757438 1.6529010 1.6745744 1.7292971 2.1498546 1.9288371 2.2236524 2.0200734 1.9864398 2.1010657 2.0907861 2.0638990 2.3693880 2.3672523 2.0485202 2.1484080 2.1285872 2.1138345 2.1185736 2.4405943 2.5773222 2.5008817 2.7162089 2.9310706 2.6003883 3.0005038 2.9835143 3.4173107 3.2980808 2.4779836 3.2287836 3.3888939 3.8736201 
NP_037790.1_Spodoptera_exigua_multiple_nucleopolyhedrovirus        0.8737611 0.3381356 0.0000000 0.7739276 0.8246145 0.9381734 1.0276681 1.0315287 1.0132596 1.1664908 0.9805288 1.5924246 1.6496167 1.7021192 2.1440138 1.9836292 2.2265760 2.0343973 1.9727503 2.1239105 2.0518110 2.0725531 2.0944073 2.0921133 2.0912889 2.0765153 2.0882478 2.1339239 2.1401533 2.4685476 2.5425614 2.5275198 2.6215505 2.8626653 2.6106071 2.9732137 2.9314723 3.2661804 3.2096491 2.2045826 3.1797234 3.4123594 3.8585934 
YP_002268065.1_Agrotis_ipsilon_multiple_nucleopolyhedrovirus       1.0516677 0.7665631 0.7739276 0.0000000 0.2409980 0.7175920 0.9690091 0.9726299 0.9565453 1.1610790 0.9163488 1.5494875 1.5695318 1.6574723 2.0800306 1.9894695 2.1002880 1.9205073 2.0428018 2.1190659 1.9641197 2.0512251 2.1722103 2.1649754 2.1551589 2.2221400 2.1866182 2.0871662 2.1767048 2.4299593 2.4045863 2.4104331 2.6189206 2.9545534 2.5810212 3.0801103 2.9784316 3.5961079 3.3681383 2.4192925 3.3924433 3.5585353 4.2940437 
YP_009112592.1_Agrotis_segetum_nucleopolyhedrovirus_B              1.1219948 0.8212534 0.8246145 0.2409980 0.0000000 0.7690055 0.9898541 0.9920764 0.9647436 1.1670568 0.9430562 1.6582033 1.6386755 1.7665132 2.1189823 2.0207254 2.1176544 1.9348971 2.0636690 2.1302795 1.8629506 2.0370236 2.1377086 2.1285212 2.1658427 2.2652169 2.2334194 2.1228906 2.0935957 2.3429250 2.3383287 2.3554300 2.6745566 2.9094255 2.7156797 2.9740736 2.9377921 3.5525146 3.2944423 2.2413557 3.3215524 3.4660231 4.3328104 
YP_529701.1_Agrotis_segetum_nucleopolyhedrovirus_A                 1.2309965 0.9047606 0.9381734 0.7175920 0.7690055 0.0000000 1.0679572 1.0704851 1.0545822 1.1212011 1.0502933 1.5691214 1.5324726 1.6842849 2.0891862 2.0320785 2.1147807 1.9441606 2.1397276 2.1257321 2.0306566 2.0870140 2.2831708 2.2787478 2.2091480 2.2375421 2.2615647 2.0877506 2.1274330 2.4376213 2.5610594 2.4052452 2.7624404 2.8058768 2.7869032 2.9555045 2.8863748 3.3023024 3.2328517 2.3105879 3.3391001 3.3453066 4.4032326 
YP_009011101.1_Mamestra_brassicae_multiple_nucleopolyhedrovirus    1.3042343 1.0024750 1.0276681 0.9690091 0.9898541 1.0679572 0.0000000 0.0023492 0.1150575 1.0153397 0.9572777 1.5647644 1.5565412 1.6288345 2.1247913 1.9197475 2.0868751 1.9618534 2.1062672 2.1807781 2.1638018 2.0248151 2.1448884 2.1453999 2.1107592 2.2219690 2.2791227 1.9934104 1.9828269 2.4736323 2.3744186 2.3395463 2.5461182 2.8910225 2.8908544 2.9802843 2.9280109 3.3718562 3.3694673 2.3306467 3.2075587 3.2743520 4.0020945 
NP_689212.1_Mamestra_configurata_nucleopolyhedrovirus_B            1.3078524 1.0047423 1.0315287 0.9726299 0.9920764 1.0704851 0.0023492 0.0000000 0.1151163 1.0186973 0.9551099 1.5696498 1.5614151 1.6338589 2.1319038 1.9221892 2.0937383 1.9650371 2.1089072 2.1856883 2.1618517 2.0279776 2.1453341 2.1458459 2.1154733 2.2247830 2.2820354 1.9916306 1.9850308 2.4807288 2.3793781 2.3470891 2.5545036 2.8976748 2.8900034 2.9845328 2.9347325 3.3758217 3.3645234 2.3306467 3.2146502 3.2688581 3.9906842 
NP_613125.1_Mamestra_configurata_nucleopolyhedrovirus_A            1.3201612 0.9972356 1.0132596 0.9565453 0.9647436 1.0545822 0.1150575 0.1151163 0.0000000 1.0243738 0.9413721 1.5257287 1.5142818 1.5852468 2.0729684 1.8718577 2.0629403 1.9014312 2.0739969 2.1419016 2.0761392 1.9953323 2.1698656 2.1703971 2.0978711 2.2026849 2.2477033 1.9398694 1.9830847 2.4956258 2.4050761 2.3826543 2.5494055 2.8695860 2.9599192 2.9051734 2.9141762 3.3676333 3.3615985 2.3248553 3.2921762 3.2229158 4.1241297 
YP_009666684.1_Mythimna_unipuncta_nucleopolyhedrovirus             1.3491585 1.1454191 1.1664908 1.1610790 1.1670568 1.1212011 1.0153397 1.0186973 1.0243738 0.0000000 1.1158178 1.6323987 1.6638013 1.6470070 1.9821677 1.9547284 1.9714289 1.8928554 2.0801477 2.0077758 1.9713453 2.0856919 2.2045792 2.1981287 1.9753389 2.1088858 2.1216957 2.0131127 2.0892851 2.3156366 2.1632573 2.1940342 2.7960371 2.7530829 2.7810048 3.0954277 2.8002039 3.3742277 3.4564632 2.2589161 3.4612663 3.4195904 4.2344746 
YP_009049852.1_Peridroma_alphabaculovirus                          1.3808033 1.0757438 0.9805288 0.9163488 0.9430562 1.0502933 0.9572777 0.9551099 0.9413721 1.1158178 0.0000000 1.5948294 1.6064345 1.6721016 1.9481666 1.9750439 1.9720529 1.8441762 1.9857269 2.1527569 1.8926691 2.0777966 2.2283111 2.2298179 2.0916220 2.1230200 2.1729460 2.0947623 2.1551914 2.4363153 2.3460196 2.3834852 2.4428481 2.8393391 2.7781861 3.1471244 2.9276986 3.3549006 3.6504522 2.5194621 3.4510491 3.7545058 4.0825385 
YP_249747.1_Chrysodeixis_chalcites_nucleopolyhedrovirus            1.7180430 1.6529010 1.5924246 1.5494875 1.6582033 1.5691214 1.5647644 1.5696498 1.5257287 1.6323987 1.5948294 0.0000000 0.1922260 0.2308608 1.9680990 1.8598956 1.9970541 1.7848956 1.9131124 2.1585759 1.9025121 1.9041862 1.9827379 1.9879345 1.9191827 1.9425294 2.0164656 2.1085088 1.8059142 2.3542349 2.3384985 2.3638285 2.4017688 2.9072098 2.6428189 2.9233177 2.8937257 3.5417891 3.1795306 2.2113456 3.1041048 3.5947334 4.1398036 
YP_309025.1_Trichoplusia_ni_single_nucleopolyhedrovirus            1.7230508 1.6745744 1.6496167 1.5695318 1.6386755 1.5324726 1.5565412 1.5614151 1.5142818 1.6638013 1.6064345 0.1922260 0.0000000 0.2696347 1.9791207 1.9116235 1.9910029 1.7729520 1.9104641 2.1334301 1.9069865 1.8808789 2.0459315 2.0582820 1.9037936 1.9241462 1.9669726 2.0720163 1.6860928 2.3583758 2.2517398 2.2742164 2.4074397 2.7382197 2.6422089 2.8059023 2.7479723 3.4015788 3.2241157 2.1721796 3.0492347 3.5463589 4.4463564 
YP_009117049.1_Pseudoplusia_includens_SNPV_IE                      1.7717068 1.7292971 1.7021192 1.6574723 1.7665132 1.6842849 1.6288345 1.6338589 1.5852468 1.6470070 1.6721016 0.2308608 0.2696347 0.0000000 1.9792548 1.9191603 2.0394667 1.8183507 1.9190676 2.2005500 1.9278958 1.9264632 2.0383981 2.0387113 1.9424867 1.9519476 1.9765960 2.0786412 1.8758367 2.3716185 2.3129265 2.3579051 2.4500248 2.8570294 2.5896334 2.9198543 2.8235794 3.6223036 3.2072256 2.3589622 3.1078328 3.7397177 4.1519058 
YP_003517867.1_Lymantria_xylina_nucleopolyhedrovirus               2.3839610 2.1498546 2.1440138 2.0800306 2.1189823 2.0891862 2.1247913 2.1319038 2.0729684 1.9821677 1.9481666 1.9680990 1.9791207 1.9792548 0.0000000 1.5727504 0.2500443 1.4381542 1.7913938 1.7461147 1.5731898 1.5023734 1.9352384 1.9354129 1.6443142 1.9443337 1.9251672 1.7456225 1.7095616 2.3965390 1.9684698 2.0476107 2.4806047 2.9106788 2.9254410 3.1172576 2.9262015 3.9050685 3.5125611 1.6502428 3.2831524 3.8992768 4.6665604 
YP_009001898.1_Buzura_suppressaria_nucleopolyhedrovirus            2.2721548 1.9288371 1.9836292 1.9894695 2.0207254 2.0320785 1.9197475 1.9221892 1.8718577 1.9547284 1.9750439 1.8598956 1.9116235 1.9191603 1.5727504 0.0000000 1.6254371 1.5227477 1.8808827 1.3082742 1.1627838 1.4631150 1.8849506 1.8795974 1.2108964 1.8178460 1.8403934 0.8418611 1.2728120 2.2208716 2.0344026 2.0423842 2.2720718 2.5265731 2.8283835 2.7371813 2.5875565 3.5404271 3.2770536 1.1489266 3.1475603 3.4698401 4.0305658 
NP_047766.1_Lymantria_dispar_multiple_nucleopolyhedrovirus         2.3664256 2.2236524 2.2265760 2.1002880 2.1176544 2.1147807 2.0868751 2.0937383 2.0629403 1.9714289 1.9720529 1.9970541 1.9910029 2.0394667 0.2500443 1.6254371 0.0000000 1.4750307 1.8073993 1.6700189 1.6318906 1.5883802 1.9312319 1.9327592 1.6901464 1.9807634 1.9823139 1.7227973 1.7605499 2.2788376 1.9971575 2.0670361 2.5504625 3.0182620 2.9416038 3.0433732 3.0144069 3.9610707 3.5731238 1.6837008 3.5754292 3.9540148 4.4141475 
YP_009165736.1_Perigonia_lusca_single_nucleopolyhedrovirus         2.0937387 2.0200734 2.0343973 1.9205073 1.9348971 1.9441606 1.9618534 1.9650371 1.9014312 1.8928554 1.8441762 1.7848956 1.7729520 1.8183507 1.4381542 1.5227477 1.4750307 0.0000000 1.7525480 1.5380355 1.5041746 1.2139628 1.8882784 1.8989615 1.5755599 1.8362351 1.8727270 1.5271445 1.6170734 2.1079264 1.8898141 1.9007527 2.2383638 2.4465932 2.7103419 2.5208739 2.4594512 3.0817215 2.7549144 1.7943051 3.3318880 3.1053290 4.4526956 
YP_009552261.1_Malacosoma_neustria_nucleopolyhedrovirus            2.3554176 1.9864398 1.9727503 2.0428018 2.0636690 2.1397276 2.1062672 2.1089072 2.0739969 2.0801477 1.9857269 1.9131124 1.9104641 1.9190676 1.7913938 1.8808827 1.8073993 1.7525480 0.0000000 1.8526386 1.9100316 1.8982612 2.0489173 2.0494982 1.8525036 1.7924978 1.8559633 2.0661509 1.8748295 2.3371409 2.1199036 2.1245979 2.4315835 2.5939295 2.7394237 2.7412917 2.6351873 3.2162538 2.9221108 2.0265190 3.0119715 3.5571604 4.4240895 
YP_001651038.1_Orgyia_leucostigma_nucleopolyhedrovirus             2.2483438 2.1010657 2.1239105 2.1190659 2.1302795 2.1257321 2.1807781 2.1856883 2.1419016 2.0077758 2.1527569 2.1585759 2.1334301 2.2005500 1.7461147 1.3082742 1.6700189 1.5380355 1.8526386 0.0000000 1.2478386 1.7856720 2.0276354 2.0331969 1.4577366 1.9517878 1.9908683 1.3051285 1.4189439 2.2830236 2.2263115 2.1964578 2.4667553 2.6440491 2.7738993 2.7473834 2.6132514 3.0790009 3.3654760 1.4754829 3.0578011 3.5159912 4.0592714 
YP_002854743.1_Euproctis_pseudoconspersa_nucleopolyhedrovirus      2.3333416 2.0907861 2.0518110 1.9641197 1.8629506 2.0306566 2.1638018 2.1618517 2.0761392 1.9713453 1.8926691 1.9025121 1.9069865 1.9278958 1.5731898 1.1627838 1.6318906 1.5041746 1.9100316 1.2478386 0.0000000 1.5220658 1.9826401 1.9805998 1.3365077 1.8311608 1.9110823 1.1921212 1.3779182 2.1710048 2.1489758 2.1182581 2.3097516 2.5885615 2.9450648 2.5433514 2.6304297 3.3067462 3.4310857 1.2879757 3.5035310 3.4766402 3.9978297 
YP_717666.1_Clanis_bilineata_nucleopolyhedrovirus                  2.3492834 2.0638990 2.0725531 2.0512251 2.0370236 2.0870140 2.0248151 2.0279776 1.9953323 2.0856919 2.0777966 1.9041862 1.8808789 1.9264632 1.5023734 1.4631150 1.5883802 1.2139628 1.8982612 1.7856720 1.5220658 0.0000000 1.8551840 1.8462601 1.7125734 1.9330935 1.9651631 1.6872086 1.5252932 2.1729748 2.0681804 2.1075648 2.3051329 2.4650844 2.6452483 2.5681132 2.4277112 3.2018099 3.2130080 1.5493407 3.1629527 3.1473314 4.0515725 
NP_075198.1_Helicoverpa_armigera_nucleopolyhedrovirus_G4           2.4372397 2.3693880 2.0944073 2.1722103 2.1377086 2.2831708 2.1448884 2.1453341 2.1698656 2.2045792 2.2283111 1.9827379 2.0459315 2.0383981 1.9352384 1.8849506 1.9312319 1.8882784 2.0489173 2.0276354 1.9826401 1.8551840 0.0000000 0.0052893 2.1328745 2.1446310 2.2407712 2.0150296 2.1257474 2.0799368 2.1113663 2.0827991 2.4732388 2.5409020 2.6773491 2.5597148 2.5740129 3.1734162 2.9495384 1.8896527 3.1813497 3.4850067 4.6901713 
NP_203686.1_Helicoverpa_armigera_nucleopolyhedrovirus              2.4297355 2.3672523 2.0921133 2.1649754 2.1285212 2.2787478 2.1453999 2.1458459 2.1703971 2.1981287 2.2298179 1.9879345 2.0582820 2.0387113 1.9354129 1.8795974 1.9327592 1.8989615 2.0494982 2.0331969 1.9805998 1.8462601 0.0052893 0.0000000 2.1400431 2.1316134 2.2273241 2.0123758 2.1230594 2.0756516 2.1057844 2.0766977 2.4939319 2.5462611 2.6745265 2.5597493 2.5794403 3.1737108 2.9657400 1.8896527 3.1723414 3.4812653 4.6890258 
YP_008378346.1_Hemileuca_sp._nucleopolyhedrovirus                  2.2663419 2.0485202 2.0912889 2.1551589 2.1658427 2.2091480 2.1107592 2.1154733 2.0978711 1.9753389 2.0916220 1.9191827 1.9037936 1.9424867 1.6443142 1.2108964 1.6901464 1.5755599 1.8525036 1.4577366 1.3365077 1.7125734 2.1328745 2.1400431 0.0000000 1.9342847 1.9559961 1.3536282 1.3800253 2.4061842 2.1158825 2.0643160 2.2887776 2.6517370 2.6333523 2.6121978 2.6848223 3.2344053 3.1304152 1.3602142 3.4375268 3.3624466 4.2246613 
YP_002300633.1_Adoxophyes_orana_nucleopolyhedrovirus               2.3842896 2.1484080 2.0765153 2.2221400 2.2652169 2.2375421 2.2219690 2.2247830 2.2026849 2.1088858 2.1230200 1.9425294 1.9241462 1.9519476 1.9443337 1.8178460 1.9807634 1.8362351 1.7924978 1.9517878 1.8311608 1.9330935 2.1446310 2.1316134 1.9342847 0.0000000 0.1057232 1.9496021 1.8234686 2.1551876 2.2804130 2.2383389 2.1746474 2.5503291 2.9332879 2.7314634 2.5489899 3.2477240 3.2401986 1.6416912 3.0893737 3.4943057 4.2256452 
NP_818766.1_Adoxophyes_honmai_nucleopolyhedrovirus                 2.3763026 2.1285872 2.0882478 2.1866182 2.2334194 2.2615647 2.2791227 2.2820354 2.2477033 2.1216957 2.1729460 2.0164656 1.9669726 1.9765960 1.9251672 1.8403934 1.9823139 1.8727270 1.8559633 1.9908683 1.9110823 1.9651631 2.2407712 2.2273241 1.9559961 0.1057232 0.0000000 1.9889547 1.8297890 2.2282241 2.2861442 2.2492228 2.1841326 2.5328906 2.9765052 2.7569217 2.5639338 3.2362921 3.2766778 1.6961540 3.1607600 3.5015588 4.3536005 
YP_009186807.1_Sucra_jujuba_nucleopolyhedrovirus                   2.4409923 2.1138345 2.1339239 2.0871662 2.1228906 2.0877506 1.9934104 1.9916306 1.9398694 2.0131127 2.0947623 2.1085088 2.0720163 2.0786412 1.7456225 0.8418611 1.7227973 1.5271445 2.0661509 1.3051285 1.1921212 1.6872086 2.0150296 2.0123758 1.3536282 1.9496021 1.9889547 0.0000000 1.2575300 2.2969916 2.3032719 2.2591113 2.5006075 2.6816200 2.8834055 2.8273126 2.7478973 3.4089571 3.4672418 1.1788006 3.3891488 3.5072810 4.1715173 
YP_874312.1_Ectropis_obliqua_nucleopolyhedrovirus                  2.2970138 2.1185736 2.1401533 2.1767048 2.0935957 2.1274330 1.9828269 1.9850308 1.9830847 2.0892851 2.1551914 1.8059142 1.6860928 1.8758367 1.7095616 1.2728120 1.7605499 1.6170734 1.8748295 1.4189439 1.3779182 1.5252932 2.1257474 2.1230594 1.3800253 1.8234686 1.8297890 1.2575300 0.0000000 2.2496141 2.0956743 2.1034284 2.3894929 2.4331563 2.8642578 2.5488027 2.4050087 3.2313927 3.0444519 1.3430102 3.4632967 3.3674987 4.1913001 
YP_758438.1_Leucania_separata_nucleopolyhedrovirus                 2.6226882 2.4405943 2.4685476 2.4299593 2.3429250 2.4376213 2.4736323 2.4807288 2.4956258 2.3156366 2.4363153 2.3542349 2.3583758 2.3716185 2.3965390 2.2208716 2.2788376 2.1079264 2.3371409 2.2830236 2.1710048 2.1729748 2.0799368 2.0756516 2.4061842 2.1551876 2.2282241 2.2969916 2.2496141 0.0000000 1.6464402 1.6115620 2.6967315 2.7780761 2.7585094 2.9608742 2.8142767 3.2079654 3.1700864 2.3822903 3.3256588 3.4920517 4.0237224 
YP_009505922.1_Spodoptera_littoralis_nucleopolyhedrovirus          2.7336720 2.5773222 2.5425614 2.4045863 2.3383287 2.5610594 2.3744186 2.3793781 2.4050761 2.1632573 2.3460196 2.3384985 2.2517398 2.3129265 1.9684698 2.0344026 1.9971575 1.8898141 2.1199036 2.2263115 2.1489758 2.0681804 2.1113663 2.1057844 2.1158825 2.2804130 2.2861442 2.3032719 2.0956743 1.6464402 0.0000000 0.1840527 2.6014292 2.5689978 2.6872950 2.7822772 2.6385916 3.2777817 3.2170001 1.9974757 3.3384560 3.9355754 4.3223962 
NP_258386.1_Spodoptera_litura_nucleopolyhedrovirus                 2.6885210 2.5008817 2.5275198 2.4104331 2.3554300 2.4052452 2.3395463 2.3470891 2.3826543 2.1940342 2.3834852 2.3638285 2.2742164 2.3579051 2.0476107 2.0423842 2.0670361 1.9007527 2.1245979 2.1964578 2.1182581 2.1075648 2.0827991 2.0766977 2.0643160 2.2383389 2.2492228 2.2591113 2.1034284 1.6115620 0.1840527 0.0000000 2.5572311 2.5638800 2.7335497 2.6953851 2.6303293 3.2788936 3.1380493 2.0985741 3.3231042 3.9266020 4.2449429 
YP_009250098.2_Urbanus_proteus_nucleopolyhedrovirus                2.5897148 2.7162089 2.6215505 2.6189206 2.6745566 2.7624404 2.5461182 2.5545036 2.5494055 2.7960371 2.4428481 2.4017688 2.4074397 2.4500248 2.4806047 2.2720718 2.5504625 2.2383638 2.4315835 2.4667553 2.3097516 2.3051329 2.4732388 2.4939319 2.2887776 2.1746474 2.1841326 2.5006075 2.3894929 2.6967315 2.6014292 2.5572311 0.0000000 2.6251071 2.8604508 2.8344150 2.6942851 3.3270896 3.0578981 2.4890377 3.4946868 3.3497604 4.0761573 
YP_008004365.1_Choristoneura_biennis_entomopoxvirus                2.8974844 2.9310706 2.8626653 2.9545534 2.9094255 2.8058768 2.8910225 2.8976748 2.8695860 2.7530829 2.8393391 2.9072098 2.7382197 2.8570294 2.9106788 2.5265731 3.0182620 2.4465932 2.5939295 2.6440491 2.5885615 2.4650844 2.5409020 2.5462611 2.6517370 2.5503291 2.5328906 2.6816200 2.4331563 2.7780761 2.5689978 2.5638800 2.6251071 0.0000000 2.8475752 0.8337405 0.1265603 1.1774828 1.4806462 2.6366117 2.8779270 1.7570364 3.5516357 
YP_009552665.1_Operophtera_brumata_nucleopolyhedrovirus            2.9685680 2.6003883 2.6106071 2.5810212 2.7156797 2.7869032 2.8908544 2.8900034 2.9599192 2.7810048 2.7781861 2.6428189 2.6422089 2.5896334 2.9254410 2.8283835 2.9416038 2.7103419 2.7394237 2.7738993 2.9450648 2.6452483 2.6773491 2.6745265 2.6333523 2.9332879 2.9765052 2.8834055 2.8642578 2.7585094 2.6872950 2.7335497 2.8604508 2.8475752 0.0000000 2.8895767 2.8868623 3.0329776 3.2682786 2.7851667 3.5116306 3.2012846 4.6106397 
NP_064785.1_Amsacta_moorei_entomopoxvirus                          3.1823413 3.0005038 2.9732137 3.0801103 2.9740736 2.9555045 2.9802843 2.9845328 2.9051734 3.0954277 3.1471244 2.9233177 2.8059023 2.9198543 3.1172576 2.7371813 3.0433732 2.5208739 2.7412917 2.7473834 2.5433514 2.5681132 2.5597148 2.5597493 2.6121978 2.7314634 2.7569217 2.8273126 2.5488027 2.9608742 2.7822772 2.6953851 2.8344150 0.8337405 2.8895767 0.0000000 0.8464792 1.3356558 1.6946830 2.3214218 3.2140470 1.9309665 3.9214472 
YP_008004665.1_Choristoneura_rosaceana_entomopoxvirus__L_          2.9761326 2.9835143 2.9314723 2.9784316 2.9377921 2.8863748 2.9280109 2.9347325 2.9141762 2.8002039 2.9276986 2.8937257 2.7479723 2.8235794 2.9262015 2.5875565 3.0144069 2.4594512 2.6351873 2.6132514 2.6304297 2.4277112 2.5740129 2.5794403 2.6848223 2.5489899 2.5639338 2.7478973 2.4050087 2.8142767 2.6385916 2.6303293 2.6942851 0.1265603 2.8868623 0.8464792 0.0000000 1.1673108 1.4847567 2.4755082 2.9915079 1.7914965 3.6402691 
NP_065040.1_Amsacta_moorei_entomopoxvirus                          3.2808608 3.4173107 3.2661804 3.5961079 3.5525146 3.3023024 3.3718562 3.3758217 3.3676333 3.3742277 3.3549006 3.5417891 3.4015788 3.6223036 3.9050685 3.5404271 3.9610707 3.0817215 3.2162538 3.0790009 3.3067462 3.2018099 3.1734162 3.1737108 3.2344053 3.2477240 3.2362921 3.4089571 3.2313927 3.2079654 3.2777817 3.2788936 3.3270896 1.1774828 3.0329776 1.3356558 1.1673108 0.0000000 1.6894366 2.7972862 3.5909707 1.9077567 4.6064841 
YP_008003553.1_Mythimna_separata_entomopoxvirus__L_                3.4567744 3.2980808 3.2096491 3.3681383 3.2944423 3.2328517 3.3694673 3.3645234 3.3615985 3.4564632 3.6504522 3.1795306 3.2241157 3.2072256 3.5125611 3.2770536 3.5731238 2.7549144 2.9221108 3.3654760 3.4310857 3.2130080 2.9495384 2.9657400 3.1304152 3.2401986 3.2766778 3.4672418 3.0444519 3.1700864 3.2170001 3.1380493 3.0578981 1.4806462 3.2682786 1.6946830 1.4847567 1.6894366 0.0000000 2.8701041 3.2819527 1.5507963 4.3109288 
YP_006607778.1_Apocheima_cinerarium_nucleopolyhedrovirus           2.8543579 2.4779836 2.2045826 2.4192925 2.2413557 2.3105879 2.3306467 2.3306467 2.3248553 2.2589161 2.5194621 2.2113456 2.1721796 2.3589622 1.6502428 1.1489266 1.6837008 1.7943051 2.0265190 1.4754829 1.2879757 1.5493407 1.8896527 1.8896527 1.3602142 1.6416912 1.6961540 1.1788006 1.3430102 2.3822903 1.9974757 2.0985741 2.4890377 2.6366117 2.7851667 2.3214218 2.4755082 2.7972862 2.8701041 0.0000000 3.7399186 3.9809517 3.8300375 
WP_071662151.1_Candidatus_Rickettsiella_isopodorum                 3.4983751 3.2287836 3.1797234 3.3924433 3.3215524 3.3391001 3.2075587 3.2146502 3.2921762 3.4612663 3.4510491 3.1041048 3.0492347 3.1078328 3.2831524 3.1475603 3.5754292 3.3318880 3.0119715 3.0578011 3.5035310 3.1629527 3.1813497 3.1723414 3.4375268 3.0893737 3.1607600 3.3891488 3.4632967 3.3256588 3.3384560 3.3231042 3.4946868 2.8779270 3.5116306 3.2140470 2.9915079 3.5909707 3.2819527 3.7399186 0.0000000 3.2976583 3.9314200 
YP_008003846.1_Adoxophyes_honmai_entomopoxvirus__L_                3.3531686 3.3888939 3.4123594 3.5585353 3.4660231 3.3453066 3.2743520 3.2688581 3.2229158 3.4195904 3.7545058 3.5947334 3.5463589 3.7397177 3.8992768 3.4698401 3.9540148 3.1053290 3.5571604 3.5159912 3.4766402 3.1473314 3.4850067 3.4812653 3.3624466 3.4943057 3.5015588 3.5072810 3.3674987 3.4920517 3.9355754 3.9266020 3.3497604 1.7570364 3.2012846 1.9309665 1.7914965 1.9077567 1.5507963 3.9809517 3.2976583 0.0000000 4.2393912 
WP_011304256.1_Ehrlichia_canis                                     3.9604135 3.8736201 3.8585934 4.2940437 4.3328104 4.4032326 4.0020945 3.9906842 4.1241297 4.2344746 4.0825385 4.1398036 4.4463564 4.1519058 4.6665604 4.0305658 4.4141475 4.4526956 4.4240895 4.0592714 3.9978297 4.0515725 4.6901713 4.6890258 4.2246613 4.2256452 4.3536005 4.1715173 4.1913001 4.0237224 4.3223962 4.2449429 4.0761573 3.5516357 4.6106397 3.9214472 3.6402691 4.6064841 4.3109288 3.8300375 3.9314200 4.2393912 0.0000000 
