41
lcl|NC_009011.2_prot_YP_001036321.1_1 0.0000000 0.9596311 0.9959832 1.2178985 1.2837961 1.3923515 1.5302415 1.5378245 1.5150397 1.6057672 1.5479857 2.0228673 2.0410037 2.1185989 2.8368297 2.7255214 2.8082876 2.4894775 2.8359852 2.7849210 2.8495273 2.8301987 2.9391127 2.9372863 2.8515569 2.9592095 2.9824243 2.9604725 2.7607445 3.1423868 3.1888966 3.1636363 3.2485320 3.5744377 3.5673167 3.8992171 3.6599243 4.1410120 4.3503492 3.6803520 4.0973242 
lcl|NC_011616.1_prot_YP_002332728.1_1 0.9596311 0.0000000 0.3563889 0.8395943 0.8972831 0.9721144 1.1491214 1.1528013 1.1276598 1.3005348 1.1550209 1.8890800 1.9102425 2.0003961 2.4734675 2.1990375 2.5686857 2.3237375 2.3378827 2.5206234 2.4804301 2.5128992 2.5479996 2.5462818 2.4564233 2.5711962 2.5597843 2.5070613 2.4931168 2.8163958 2.9773417 2.9249660 3.2299679 3.4575355 3.0843135 3.6037650 3.5293725 4.3312786 4.1687958 2.9052701 4.1316827 
lcl|NC_002169.1_prot_NP_037790.1_1    0.9959832 0.3563889 0.0000000 0.8858141 0.9023624 1.0332219 1.1842892 1.1887859 1.1478012 1.3604826 1.0868316 1.8273928 1.9050752 1.9731622 2.4839130 2.3089767 2.5105410 2.3710548 2.4337488 2.5385838 2.4566247 2.4916393 2.4749342 2.4732331 2.5021303 2.5179613 2.5390772 2.5801183 2.5637742 2.9341863 2.9536479 2.9678447 3.1743861 3.4374780 3.1913153 3.6908741 3.5227666 4.1947279 4.1722092 2.6170891 4.2316999 
lcl|NC_011345.1_prot_YP_002268065.1_1 1.2178985 0.8395943 0.8858141 0.0000000 0.2504566 0.7856395 1.1447395 1.1470471 1.1113193 1.3099802 1.0317818 1.8379486 1.8330724 1.9431647 2.4785249 2.2940515 2.5031115 2.3157789 2.4368512 2.6573041 2.3794913 2.5228596 2.5306317 2.5296041 2.5625749 2.7618731 2.7148767 2.5346915 2.6528612 2.8312392 2.8157242 2.8859125 3.1358925 3.5010178 3.1856040 3.5998838 3.5039915 4.4802085 4.2478780 3.1609825 4.4679692 
lcl|NC_025960.1_prot_YP_009112592.1_1 1.2837961 0.8972831 0.9023624 0.2504566 0.0000000 0.8325714 1.1505596 1.1542103 1.1089631 1.3040480 1.0567827 1.9392590 1.9126096 2.0219486 2.5505391 2.3197783 2.4731958 2.2940709 2.4823558 2.5997925 2.2959924 2.5085314 2.5127593 2.5045566 2.5783657 2.7278742 2.7439877 2.5186656 2.5412251 2.8354725 2.7624534 2.7410430 3.2165228 3.4336564 3.3080652 3.5643173 3.4646644 4.3682366 4.2197442 2.7136136 4.3674081 
lcl|NC_007921.1_prot_YP_529701.1_1    1.3923515 0.9721144 1.0332219 0.7856395 0.8325714 0.0000000 1.1844326 1.1869726 1.1449026 1.2626996 1.1229537 1.8730739 1.7957059 1.9853596 2.5312159 2.3646456 2.4846551 2.2754014 2.5737240 2.4663579 2.3850688 2.4070112 2.6270268 2.6333546 2.6409666 2.7109521 2.7371478 2.4358790 2.5820791 2.7691591 2.9507246 2.7915302 3.3411249 3.5294716 3.4521212 3.7063253 3.6549148 4.3409718 4.1457265 2.8878316 4.1841895 
lcl|NC_023681.1_prot_YP_009011101.1_1 1.5302415 1.1491214 1.1842892 1.1447395 1.1505596 1.1844326 0.0000000 0.0023436 0.1166127 1.1464175 1.0822331 1.8869846 1.8531052 1.9152475 2.4676674 2.2519835 2.4552664 2.3006360 2.4903287 2.6591659 2.5942192 2.5490112 2.5255513 2.5309524 2.5554781 2.7737439 2.8066550 2.3863734 2.3937158 2.9532447 2.8197849 2.8312111 3.0490059 3.7578850 3.3950064 3.8762599 3.7747186 4.5544521 4.4121689 2.9074721 4.2020033 
lcl|NC_004117.1_prot_NP_689212.1_1    1.5378245 1.1528013 1.1887859 1.1470471 1.1542103 1.1869726 0.0023436 0.0000000 0.1167084 1.1466809 1.0800578 1.8892270 1.8508627 1.9161210 2.4715566 2.2484747 2.4590810 2.3048788 2.4940279 2.6552128 2.5903250 2.5566792 2.5269723 2.5323786 2.5549265 2.7753459 2.8082785 2.3827709 2.3899852 2.9573806 2.8221352 2.8335957 3.0516403 3.7533444 3.4005250 3.8715096 3.7701608 4.5504338 4.4083711 2.9074721 4.1978867 
lcl|NC_003529.1_prot_NP_613125.1_1    1.5150397 1.1276598 1.1478012 1.1113193 1.1089631 1.1449026 0.1166127 0.1167084 0.0000000 1.1458289 1.0552868 1.8357728 1.7777853 1.8528830 2.3707903 2.2253324 2.3650410 2.2564591 2.4646108 2.5989975 2.5091140 2.4819761 2.5308871 2.5362904 2.5677103 2.7409899 2.7715394 2.3264024 2.3701193 2.9713583 2.8029951 2.8227413 2.9908411 3.6097816 3.5029833 3.7213982 3.6623991 4.4338909 4.3981077 2.9666242 4.1719251 
lcl|NC_043530.1_prot_YP_009666684.1_1 1.6057672 1.3005348 1.3604826 1.3099802 1.3040480 1.2626996 1.1464175 1.1466809 1.1458289 0.0000000 1.2366140 1.9245526 1.9682040 1.9460667 2.3005544 2.2806105 2.2515316 2.2487176 2.4267408 2.3625206 2.3833905 2.5458151 2.6164967 2.6078007 2.3655513 2.5515908 2.5637746 2.3723936 2.5394501 2.7684139 2.5512036 2.5832544 3.2608686 3.4819368 3.3690935 3.8193299 3.5608662 4.4086881 4.5459261 2.7172610 4.3167394 
lcl|NC_024625.1_prot_YP_009049852.1_1 1.5479857 1.1550209 1.0868316 1.0317818 1.0567827 1.1229537 1.0822331 1.0800578 1.0552868 1.2366140 0.0000000 1.8414830 1.8380722 1.9052350 2.3366187 2.2600931 2.2453641 2.2257446 2.2903710 2.6379887 2.2381486 2.4679001 2.5351832 2.5412697 2.5187941 2.6339606 2.6990915 2.5545167 2.5299231 2.8696646 2.8050137 2.7970057 2.8252063 3.3707823 3.3925619 4.0085402 3.5016565 4.2853475 4.7393746 2.9499748 4.6878963 
lcl|NC_007151.1_prot_YP_249747.1_1    2.0228673 1.8890800 1.8273928 1.8379486 1.9392590 1.8730739 1.8869846 1.8892270 1.8357728 1.9245526 1.8414830 0.0000000 0.2089113 0.2400506 2.3636557 2.1932373 2.3591366 2.1234965 2.3093504 2.6684487 2.3299834 2.3255876 2.3946695 2.3959373 2.3525755 2.4229261 2.4792164 2.5479652 2.1449363 2.8843761 2.7950454 2.8207477 2.8598925 3.4901485 3.1639752 3.6277768 3.4664175 4.3715533 3.8359631 2.7481796 4.5769572 
lcl|NC_007383.1_prot_YP_309025.1_1    2.0410037 1.9102425 1.9050752 1.8330724 1.9126096 1.7957059 1.8531052 1.8508627 1.7777853 1.9682040 1.8380722 0.2089113 0.0000000 0.2855625 2.3032678 2.2368427 2.2846025 2.0911105 2.2492480 2.6058693 2.3063941 2.3284453 2.3784515 2.3839758 2.3559194 2.4095858 2.4532203 2.5090108 2.0341490 2.7708514 2.7213797 2.7006672 2.8173631 3.3441122 3.1046952 3.5722373 3.3566373 4.3130178 3.9029137 2.6741676 4.4520297 
lcl|NC_026268.1_prot_YP_009117049.1_1 2.1185989 2.0003961 1.9731622 1.9431647 2.0219486 1.9853596 1.9152475 1.9161210 1.8528830 1.9460667 1.9052350 0.2400506 0.2855625 0.0000000 2.3650780 2.2468799 2.4146828 2.1873645 2.2472704 2.6640001 2.3506419 2.3093183 2.4081287 2.4024998 2.3616549 2.4398180 2.4720530 2.5143987 2.2697496 2.8275890 2.7927217 2.8284573 2.9161167 3.4922440 3.0654760 3.6633692 3.4475542 4.5817911 3.9706696 2.9781816 4.7071803 
lcl|NC_013953.1_prot_YP_003517867.1_1 2.8368297 2.4734675 2.4839130 2.4785249 2.5505391 2.5312159 2.4676674 2.4715566 2.3707903 2.3005544 2.3366187 2.3636557 2.3032678 2.3650780 0.0000000 1.8463323 0.2488523 1.6534755 2.0872560 2.0498625 1.8491992 1.8219714 2.2710035 2.2735866 1.8984192 2.3333774 2.3226282 2.0848694 2.0274209 2.7709087 2.2663458 2.2708086 2.9243961 3.6665359 3.5024894 3.8066471 3.7135510 4.8703072 4.4649129 1.8700818 4.8768982 
lcl|NC_023442.1_prot_YP_009001898.1_1 2.7255214 2.1990375 2.3089767 2.2940515 2.3197783 2.3646456 2.2519835 2.2484747 2.2253324 2.2806105 2.2600931 2.1932373 2.2368427 2.2468799 1.8463323 0.0000000 1.8642139 1.7552389 2.2761103 1.4541071 1.3010717 1.8194928 2.2052722 2.2042898 1.3456102 2.2352287 2.3036857 0.9504682 1.4348868 2.5516944 2.3814179 2.3654971 2.7536488 3.2170692 3.5030620 3.3705138 3.2980610 4.6060850 4.3677098 1.3480853 4.4912967 
lcl|NC_001973.1_prot_NP_047766.1_1    2.8082876 2.5686857 2.5105410 2.5031115 2.4731958 2.4846551 2.4552664 2.4590810 2.3650410 2.2515316 2.2453641 2.3591366 2.2846025 2.4146828 0.2488523 1.8642139 0.0000000 1.6404261 2.0121348 1.9489731 1.8865217 1.8625608 2.2770313 2.2796316 1.9699919 2.3768174 2.3983307 2.0038352 2.0354835 2.6280831 2.2240077 2.3235606 2.9787726 3.5733076 3.5634815 3.7094333 3.6272887 4.8060404 4.5055574 1.8630934 4.9395143 
lcl|NC_027923.1_prot_YP_009165736.1_1 2.4894775 2.3237375 2.3710548 2.3157789 2.2940709 2.2754014 2.3006360 2.3048788 2.2564591 2.2487176 2.2257446 2.1234965 2.0911105 2.1873645 1.6534755 1.7552389 1.6404261 0.0000000 2.0650418 1.8383818 1.8272240 1.4513681 2.2180990 2.2381004 1.8757279 2.1990669 2.2237581 1.8540925 1.9095551 2.5755988 2.2880027 2.3035967 2.7554732 3.0114793 3.2987632 3.0152893 3.0491382 4.0295114 3.5259287 2.1096066 3.9528100 
lcl|NC_040606.1_prot_YP_009552261.1_1 2.8359852 2.3378827 2.4337488 2.4368512 2.4823558 2.5737240 2.4903287 2.4940279 2.4646108 2.4267408 2.2903710 2.3093504 2.2492480 2.2472704 2.0872560 2.2761103 2.0121348 2.0650418 0.0000000 2.2763020 2.2486748 2.1423849 2.4725534 2.4736373 2.1741359 2.1312675 2.2608334 2.4249039 2.2616065 2.9263660 2.6056111 2.5450711 2.8246409 3.0833912 3.2433840 3.3460443 3.1703899 4.0732784 3.7753058 2.5395518 4.6028507 
lcl|NC_010276.1_prot_YP_001651038.1_1 2.7849210 2.5206234 2.5385838 2.6573041 2.5997925 2.4663579 2.6591659 2.6552128 2.5989975 2.3625206 2.6379887 2.6684487 2.6058693 2.6640001 2.0498625 1.4541071 1.9489731 1.8383818 2.2763020 0.0000000 1.4475658 2.0927221 2.5445988 2.5497573 1.7202742 2.3743274 2.3938133 1.5589233 1.6426139 2.7429526 2.6845145 2.6868586 2.8722995 3.4125416 3.4361407 3.3864464 3.3388520 4.0557940 4.2682938 1.6937861 4.4171911 
lcl|NC_012639.1_prot_YP_002854743.1_1 2.8495273 2.4804301 2.4566247 2.3794913 2.2959924 2.3850688 2.5942192 2.5903250 2.5091140 2.3833905 2.2381486 2.3299834 2.3063941 2.3506419 1.8491992 1.3010717 1.8865217 1.8272240 2.2486748 1.4475658 0.0000000 1.8015640 2.3274817 2.3188128 1.4952623 2.1948738 2.2355561 1.3874465 1.6504033 2.5936064 2.4676250 2.4677913 2.7109989 3.2995852 3.4793150 3.1627685 3.3309233 4.4115704 4.3140152 1.4788988 4.5292194 
lcl|NC_008293.1_prot_YP_717666.1_1    2.8301987 2.5128992 2.4916393 2.5228596 2.5085314 2.4070112 2.5490112 2.5566792 2.4819761 2.5458151 2.4679001 2.3255876 2.3284453 2.3093183 1.8219714 1.8194928 1.8625608 1.4513681 2.1423849 2.0927221 1.8015640 0.0000000 2.1978649 2.1888436 1.9887663 2.2832782 2.3337541 2.0812076 1.8712626 2.6073239 2.4129254 2.4864879 2.9542649 3.0573958 3.2523858 3.1107533 2.9804284 3.9258474 3.7987475 1.7121650 4.0803672 
lcl|NC_002654.2_prot_NP_075198.1_1    2.9391127 2.5479996 2.4749342 2.5306317 2.5127593 2.6270268 2.5255513 2.5269723 2.5308871 2.6164967 2.5351832 2.3946695 2.3784515 2.4081287 2.2710035 2.2052722 2.2770313 2.2180990 2.4725534 2.5445988 2.3274817 2.1978649 0.0000000 0.0052793 2.4928849 2.4979779 2.6021137 2.4360457 2.6519592 2.4453734 2.3668865 2.3665328 2.8907469 3.3573207 3.2079360 3.2758336 3.3727594 4.0415474 3.6035436 2.3008146 4.5344992 
lcl|NC_003094.2_prot_NP_203686.1_1    2.9372863 2.5462818 2.4732331 2.5296041 2.5045566 2.6333546 2.5309524 2.5323786 2.5362904 2.6078007 2.5412697 2.3959373 2.3839758 2.4024998 2.2735866 2.2042898 2.2796316 2.2381004 2.4736373 2.5497573 2.3188128 2.1888436 0.0052793 0.0000000 2.4969168 2.4963618 2.5970750 2.4366153 2.6471279 2.4420969 2.3614022 2.3610165 2.9026613 3.3588825 3.2093565 3.2768129 3.3743353 4.0449816 3.6275072 2.3008146 4.5325707 
lcl|NC_021923.1_prot_YP_008378346.1_1 2.8515569 2.4564233 2.5021303 2.5625749 2.5783657 2.6409666 2.5554781 2.5549265 2.5677103 2.3655513 2.5187941 2.3525755 2.3559194 2.3616549 1.8984192 1.3456102 1.9699919 1.8757279 2.1741359 1.7202742 1.4952623 1.9887663 2.4928849 2.4969168 0.0000000 2.2634194 2.2832392 1.5353558 1.5988912 2.8857460 2.5331016 2.4227166 2.7083110 3.1535250 3.1450508 3.2266624 3.2140659 3.9726029 3.9309965 1.5792380 4.2022403 
lcl|NC_011423.1_prot_YP_002300633.1_1 2.9592095 2.5711962 2.5179613 2.7618731 2.7278742 2.7109521 2.7737439 2.7753459 2.7409899 2.5515908 2.6339606 2.4229261 2.4095858 2.4398180 2.3333774 2.2352287 2.3768174 2.1990669 2.1312675 2.3743274 2.1948738 2.2832782 2.4979779 2.4963618 2.2634194 0.0000000 0.1099413 2.3939910 2.1926061 2.6820736 2.8011422 2.7749801 2.6713477 3.1533313 3.6020582 3.3133959 3.1075934 4.1313994 4.1440162 2.0039277 4.5094144 
lcl|NC_004690.1_prot_NP_818766.1_1    2.9824243 2.5597843 2.5390772 2.7148767 2.7439877 2.7371478 2.8066550 2.8082785 2.7715394 2.5637746 2.6990915 2.4792164 2.4532203 2.4720530 2.3226282 2.3036857 2.3983307 2.2237581 2.2608334 2.3938133 2.2355561 2.3337541 2.6021137 2.5970750 2.2832392 0.1099413 0.0000000 2.4308618 2.2194145 2.7555635 2.7889816 2.7738387 2.7217408 3.1524985 3.6670939 3.3659761 3.1341378 4.1316874 4.1800437 2.0371454 4.4110359 
lcl|NC_028636.1_prot_YP_009186807.1_1 2.9604725 2.5070613 2.5801183 2.5346915 2.5186656 2.4358790 2.3863734 2.3827709 2.3264024 2.3723936 2.5545167 2.5479652 2.5090108 2.5143987 2.0848694 0.9504682 2.0038352 1.8540925 2.4249039 1.5589233 1.3874465 2.0812076 2.4360457 2.4366153 1.5353558 2.3939910 2.4308618 0.0000000 1.4876589 2.8016585 2.6901161 2.6261780 3.1009191 3.2727794 3.4960253 3.5127385 3.3651909 4.3265678 4.3560560 1.3415640 4.4699211 
lcl|NC_008586.1_prot_YP_874312.1_1    2.7607445 2.4931168 2.5637742 2.6528612 2.5412251 2.5820791 2.3937158 2.3899852 2.3701193 2.5394501 2.5299231 2.1449363 2.0341490 2.2697496 2.0274209 1.4348868 2.0354835 1.9095551 2.2616065 1.6426139 1.6504033 1.8712626 2.6519592 2.6471279 1.5988912 2.1926061 2.2194145 1.4876589 0.0000000 2.6283111 2.5399167 2.5057412 2.8342488 2.9479415 3.4466859 3.0416121 2.9139852 4.1665437 3.7985900 1.6052289 4.5986462 
lcl|NC_008348.1_prot_YP_758438.1_1    3.1423868 2.8163958 2.9341863 2.8312392 2.8354725 2.7691591 2.9532447 2.9573806 2.9713583 2.7684139 2.8696646 2.8843761 2.7708514 2.8275890 2.7709087 2.5516944 2.6280831 2.5755988 2.9263660 2.7429526 2.5936064 2.6073239 2.4453734 2.4420969 2.8857460 2.6820736 2.7555635 2.8016585 2.6283111 0.0000000 1.8556953 1.8347111 3.2123578 3.2560013 3.2549189 3.6664700 3.2640637 4.0922089 4.0380379 2.7206722 4.7273902 
lcl|NC_038369.1_prot_YP_009505922.1_1 3.1888966 2.9773417 2.9536479 2.8157242 2.7624534 2.9507246 2.8197849 2.8221352 2.8029951 2.5512036 2.8050137 2.7950454 2.7213797 2.7927217 2.2663458 2.3814179 2.2240077 2.2880027 2.6056111 2.6845145 2.4676250 2.4129254 2.3668865 2.3614022 2.5331016 2.8011422 2.7889816 2.6901161 2.5399167 1.8556953 0.0000000 0.1844468 3.2742037 3.2657936 3.1488872 3.4151415 3.3691647 4.3141526 4.1187219 2.3765892 5.1224108 
lcl|NC_003102.1_prot_NP_258386.1_1    3.1636363 2.9249660 2.9678447 2.8859125 2.7410430 2.7915302 2.8312111 2.8335957 2.8227413 2.5832544 2.7970057 2.8207477 2.7006672 2.8284573 2.2708086 2.3654971 2.3235606 2.3035967 2.5450711 2.6868586 2.4677913 2.4864879 2.3665328 2.3610165 2.4227166 2.7749801 2.7738387 2.6261780 2.5057412 1.8347111 0.1844468 0.0000000 3.1875865 3.2586293 3.2525820 3.4270336 3.3651142 4.2895878 4.0245969 2.4377854 5.0965414 
lcl|NC_029997.2_prot_YP_009250098.2_1 3.2485320 3.2299679 3.1743861 3.1358925 3.2165228 3.3411249 3.0490059 3.0516403 2.9908411 3.2608686 2.8252063 2.8598925 2.8173631 2.9161167 2.9243961 2.7536488 2.9787726 2.7554732 2.8246409 2.8722995 2.7109989 2.9542649 2.8907469 2.9026613 2.7083110 2.6713477 2.7217408 3.1009191 2.8342488 3.2123578 3.2742037 3.1875865 0.0000000 3.4575611 3.3686530 3.6548298 3.4762034 4.5769588 4.0299871 2.9905544 4.3750957 
lcl|NC_021248.1_prot_YP_008004365.1_1 3.5744377 3.4575355 3.4374780 3.5010178 3.4336564 3.5294716 3.7578850 3.7533444 3.6097816 3.4819368 3.3707823 3.4901485 3.3441122 3.4922440 3.6665359 3.2170692 3.5733076 3.0114793 3.0833912 3.4125416 3.2995852 3.0573958 3.3573207 3.3588825 3.1535250 3.1533313 3.1524985 3.2727794 2.9479415 3.2560013 3.2657936 3.2586293 3.4575611 0.0000000 3.4353273 0.9844518 0.1319735 1.3981020 1.8178431 3.3261949 2.0628206 
lcl|NC_040621.1_prot_YP_009552665.1_1 3.5673167 3.0843135 3.1913153 3.1856040 3.3080652 3.4521212 3.3950064 3.4005250 3.5029833 3.3690935 3.3925619 3.1639752 3.1046952 3.0654760 3.5024894 3.5030620 3.5634815 3.2987632 3.2433840 3.4361407 3.4793150 3.2523858 3.2079360 3.2093565 3.1450508 3.6020582 3.6670939 3.4960253 3.4466859 3.2549189 3.1488872 3.2525820 3.3686530 3.4353273 0.0000000 3.5930528 3.5130771 3.7866481 3.8512352 3.4760049 4.0422922 
lcl|NC_002520.1_prot_NP_064785.1_1    3.8992171 3.6037650 3.6908741 3.5998838 3.5643173 3.7063253 3.8762599 3.8715096 3.7213982 3.8193299 4.0085402 3.6277768 3.5722373 3.6633692 3.8066471 3.3705138 3.7094333 3.0152893 3.3460443 3.3864464 3.1627685 3.1107533 3.2758336 3.2768129 3.2266624 3.3133959 3.3659761 3.5127385 3.0416121 3.6664700 3.4151415 3.4270336 3.6548298 0.9844518 3.5930528 0.0000000 1.0000945 1.5802886 2.0929507 2.9519919 2.2713510 
lcl|NC_021249.1_prot_YP_008004665.1_1 3.6599243 3.5293725 3.5227666 3.5039915 3.4646644 3.6549148 3.7747186 3.7701608 3.6623991 3.5608662 3.5016565 3.4664175 3.3566373 3.4475542 3.7135510 3.2980610 3.6272887 3.0491382 3.1703899 3.3388520 3.3309233 2.9804284 3.3727594 3.3743353 3.2140659 3.1075934 3.1341378 3.3651909 2.9139852 3.2640637 3.3691647 3.3651142 3.4762034 0.1319735 3.5130771 1.0000945 0.0000000 1.3854613 1.8177391 3.0752793 2.1452690 
lcl|NC_002520.1_prot_NP_065040.1_1    4.1410120 4.3312786 4.1947279 4.4802085 4.3682366 4.3409718 4.5544521 4.5504338 4.4338909 4.4086881 4.2853475 4.3715533 4.3130178 4.5817911 4.8703072 4.6060850 4.8060404 4.0295114 4.0732784 4.0557940 4.4115704 3.9258474 4.0415474 4.0449816 3.9726029 4.1313994 4.1316874 4.3265678 4.1665437 4.0922089 4.3141526 4.2895878 4.5769588 1.3981020 3.7866481 1.5802886 1.3854613 0.0000000 2.1253559 3.4786808 2.3002348 
lcl|NC_021246.1_prot_YP_008003553.1_1 4.3503492 4.1687958 4.1722092 4.2478780 4.2197442 4.1457265 4.4121689 4.4083711 4.3981077 4.5459261 4.7393746 3.8359631 3.9029137 3.9706696 4.4649129 4.3677098 4.5055574 3.5259287 3.7753058 4.2682938 4.3140152 3.7987475 3.6035436 3.6275072 3.9309965 4.1440162 4.1800437 4.3560560 3.7985900 4.0380379 4.1187219 4.0245969 4.0299871 1.8178431 3.8512352 2.0929507 1.8177391 2.1253559 0.0000000 3.5831178 1.8322823 
lcl|NC_018504.1_prot_YP_006607778.1_1 3.6803520 2.9052701 2.6170891 3.1609825 2.7136136 2.8878316 2.9074721 2.9074721 2.9666242 2.7172610 2.9499748 2.7481796 2.6741676 2.9781816 1.8700818 1.3480853 1.8630934 2.1096066 2.5395518 1.6937861 1.4788988 1.7121650 2.3008146 2.3008146 1.5792380 2.0039277 2.0371454 1.3415640 1.6052289 2.7206722 2.3765892 2.4377854 2.9905544 3.3261949 3.4760049 2.9519919 3.0752793 3.4786808 3.5831178 0.0000000 5.1206145 
lcl|NC_021247.1_prot_YP_008003846.1_1 4.0973242 4.1316827 4.2316999 4.4679692 4.3674081 4.1841895 4.2020033 4.1978867 4.1719251 4.3167394 4.6878963 4.5769572 4.4520297 4.7071803 4.8768982 4.4912967 4.9395143 3.9528100 4.6028507 4.4171911 4.5292194 4.0803672 4.5344992 4.5325707 4.2022403 4.5094144 4.4110359 4.4699211 4.5986462 4.7273902 5.1224108 5.0965414 4.3750957 2.0628206 4.0422922 2.2713510 2.1452690 2.3002348 1.8322823 5.1206145 0.0000000 
