62
lcl|NC_009011.2_prot_YP_001036316.1_1 0.0000000 0.2438937 0.2174351 0.3545213 0.3631133 0.3879535 0.4173117 0.4224055 0.4269353 0.4638923 0.4773855 0.6104736 0.6119339 0.6165088 0.7426371 0.7317116 0.7914991 0.7887752 0.8001633 0.8234101 0.8141139 0.7499476 0.8141654 0.7967036 0.9222959 0.9504825 0.9154980 0.9018745 0.9856585 1.0175811 0.9586543 0.9507908 0.9827489 0.9721041 1.0093805 0.9831074 0.9696451 1.0363063 1.0475569 0.9955811 1.1935420 1.1408053 1.1935815 1.3575660 1.2698216 1.6037410 1.5942974 1.3860066 1.3860066 1.4330053 1.3965559 1.6979421 1.4358249 1.6742363 1.7337067 1.6199417 1.8975621 1.9311232 1.9617274 1.5882726 1.5366551 3.1427113 
lcl|NC_011616.1_prot_YP_002332720.1_1 0.2438937 0.0000000 0.1313419 0.3090323 0.3068101 0.3702006 0.3968780 0.3848715 0.3931485 0.4648374 0.4832595 0.6696763 0.6808188 0.6771809 0.6837269 0.8340933 0.8616285 0.9616983 0.9168365 0.9390109 0.8859094 0.8000114 0.8492557 0.8943916 1.0074890 1.0850723 1.0152253 1.0113901 0.9993940 1.1549173 1.0172319 1.0272432 1.0642897 1.0676986 1.1506089 1.0177663 1.0579757 1.0228528 1.0279235 1.0400252 1.2409782 1.1929455 1.2612929 1.4327014 1.2743434 1.7559399 1.6044766 1.3503916 1.3503916 1.4245147 1.4176533 1.7898625 1.4500991 1.6759751 1.7128418 1.5934749 1.9719227 2.0108297 1.9843390 1.5564836 1.4903496 3.1390325 
lcl|NC_002169.1_prot_NP_037785.1_1    0.2174351 0.1313419 0.0000000 0.3040546 0.2951034 0.3717584 0.4001476 0.3913805 0.3918445 0.4423989 0.4747096 0.5866361 0.6076018 0.6146927 0.6983772 0.7759437 0.7565650 0.8776817 0.8786804 0.8440144 0.8073429 0.7679260 0.8000847 0.8392908 1.0252463 1.0344807 1.0196765 1.0399081 0.9969633 1.0765558 1.0630085 1.0262563 1.0521745 1.0658862 1.1028515 0.9172212 1.0974017 1.0040686 1.0151832 1.0333343 1.2398500 1.1241432 1.1793132 1.2914981 1.3143194 1.7347944 1.5684999 1.3245139 1.3245139 1.4787086 1.4698687 1.7598072 1.5550117 1.5813749 1.6723353 1.6024912 1.9410910 1.9729992 1.9462623 1.6579168 1.6232355 2.9489818 
lcl|NC_025960.1_prot_YP_009112587.1_1 0.3545213 0.3090323 0.3040546 0.0000000 0.0960418 0.3147431 0.3662557 0.3946996 0.4018956 0.4166801 0.4726768 0.5776208 0.5933721 0.6032488 0.7018383 0.7707057 0.7808833 0.8051704 0.8260363 0.8269836 0.7743902 0.7696966 0.7549278 0.8713594 0.9765338 1.0984164 1.0011379 0.9718434 1.0451843 1.1707772 0.9912319 0.9786516 1.0713578 1.0360648 1.1469231 0.8836400 1.0257985 1.0398330 0.9546114 1.0129935 1.1750984 1.2241203 1.2603510 1.3440501 1.3755103 1.6598828 1.5446509 1.5754811 1.5754811 1.7044595 1.6904080 1.8316728 1.5176162 1.8090804 1.8154309 1.6862178 2.1465318 2.1905647 2.1598214 1.7117983 1.7400703 3.1195451 
lcl|NC_011345.1_prot_YP_002268060.1_1 0.3631133 0.3068101 0.2951034 0.0960418 0.0000000 0.3258983 0.3877434 0.4255362 0.4289281 0.4190425 0.4811966 0.5788150 0.5916530 0.5999753 0.6882502 0.7872632 0.7957130 0.8488310 0.7910875 0.8766871 0.8286629 0.7669504 0.8063248 0.9005085 0.9728081 1.0421131 1.0084969 0.9857636 1.0403581 1.1176193 0.9890562 0.9963103 1.0258887 1.0236509 1.0887872 0.9245290 1.0228135 1.0188318 1.0064805 1.0355847 1.1382239 1.1682389 1.2130255 1.3289098 1.4358723 1.7255058 1.5355289 1.5364481 1.5364481 1.6550112 1.6351687 1.8318349 1.5052245 1.8165938 1.7730540 1.6885245 2.1431400 2.1870696 2.1564125 1.6401606 1.6234341 2.9965815 
lcl|NC_007921.1_prot_YP_529696.1_1    0.3879535 0.3702006 0.3717584 0.3147431 0.3258983 0.0000000 0.4167795 0.4256522 0.4328721 0.4227391 0.4836017 0.5899069 0.5812036 0.5989067 0.7165639 0.7790834 0.8132044 0.7800868 0.7991761 0.7576039 0.8168838 0.7860658 0.8038805 0.8538353 1.0892999 1.0512655 1.1159652 1.0872342 1.0777596 1.1458118 1.1025215 1.0568828 1.0808770 1.1093258 1.1223628 0.9297410 1.1082053 1.0683844 0.9267877 1.1330676 1.2481506 1.2024827 1.2350545 1.3782283 1.5761887 1.7139852 1.4204489 1.4749471 1.4749471 1.5522379 1.5604080 1.8600804 1.5982816 1.8684048 1.7687278 1.7226862 2.1191714 2.1382944 2.1324551 1.7952975 1.7391942 3.1186466 
lcl|NC_003529.1_prot_NP_613120.1_1    0.4173117 0.3968780 0.4001476 0.3662557 0.3877434 0.4167795 0.0000000 0.0563476 0.0598815 0.2938033 0.2950145 0.5254752 0.5245826 0.5142053 0.6415966 0.6750509 0.7445492 0.7422109 0.7647189 0.7436845 0.7611791 0.6626762 0.7619028 0.8387282 0.8763467 0.8445849 0.9469846 0.9012415 0.9591627 0.8972533 0.8907623 0.9831469 0.8952528 0.9113124 0.8874674 0.7751303 0.9176344 0.9238138 0.8766836 0.9961798 1.1277791 1.2508356 1.3321939 1.3697792 1.3538868 1.7081086 1.4957342 1.3826065 1.3826065 1.4509293 1.4725414 1.6222518 1.4596134 1.6124419 1.6228933 1.5267204 1.8410496 1.8796676 1.8539218 1.5904640 1.5157588 2.7618384 
lcl|NC_004117.1_prot_NP_689207.1_1    0.4224055 0.3848715 0.3913805 0.3946996 0.4255362 0.4256522 0.0563476 0.0000000 0.0076970 0.3011898 0.3057193 0.5339468 0.5166474 0.5289264 0.6547757 0.7000110 0.7401499 0.7587586 0.7835923 0.7442495 0.7727434 0.6691926 0.7645200 0.8118639 0.8791317 0.8792295 0.9680055 0.9337158 0.9766142 0.9387673 0.9090544 0.9644043 0.9348909 0.9167864 0.9231536 0.7655970 0.9363963 0.9398572 0.8990394 1.0120300 1.1626121 1.2495213 1.3301657 1.4254067 1.3348871 1.7023337 1.6025196 1.3623578 1.3623578 1.4488799 1.4543482 1.6875509 1.5325981 1.6233482 1.6492384 1.6158718 1.9522195 1.9861176 1.9651782 1.6417605 1.5913593 2.7165029 
lcl|NC_023681.1_prot_YP_009011096.1_1 0.4269353 0.3931485 0.3918445 0.4018956 0.4289281 0.4328721 0.0598815 0.0076970 0.0000000 0.3075198 0.3109607 0.5308957 0.5137007 0.5258675 0.6513947 0.6841785 0.7490228 0.7584127 0.7966178 0.7304761 0.7871539 0.6645723 0.7787611 0.8086066 0.8701161 0.8932121 0.9580771 0.9241091 0.9838142 0.9457540 0.8997047 0.9546593 0.9308412 0.9073123 0.9375227 0.7651937 0.9267368 0.9279597 0.8975301 1.0017249 1.1568486 1.2669586 1.3483971 1.4164383 1.3230816 1.6843782 1.6093848 1.3818770 1.3818770 1.4295663 1.4348137 1.6431731 1.5543711 1.5976711 1.6382255 1.6388841 1.9086787 1.9419073 1.9215708 1.6301542 1.5801424 2.6467241 
lcl|NC_043530.1_prot_YP_009666689.1_1 0.4638923 0.4648374 0.4423989 0.4166801 0.4190425 0.4227391 0.2938033 0.3011898 0.3075198 0.0000000 0.4199701 0.4928731 0.5019000 0.4919285 0.6659231 0.6606552 0.7397391 0.7204768 0.7817307 0.7339832 0.7462763 0.7052708 0.7531560 0.7033283 0.8929354 0.8846443 0.9511649 0.9441296 0.9981963 0.9536123 0.9105376 0.9576054 0.9402814 0.9264817 0.9206567 0.7130843 0.9281529 0.9207067 0.8795547 0.9790604 1.1239339 1.1723473 1.2075727 1.3985003 1.3535525 1.6265309 1.3720347 1.5401191 1.5401191 1.5775451 1.6315875 1.6907854 1.5523632 1.7281069 1.7138630 1.6293673 2.0195414 2.0628954 2.0329349 1.7416234 1.6974589 2.9062130 
lcl|NC_024625.1_prot_YP_009049848.1_1 0.4773855 0.4832595 0.4747096 0.4726768 0.4811966 0.4836017 0.2950145 0.3057193 0.3109607 0.4199701 0.0000000 0.6355982 0.6466393 0.6437643 0.7489006 0.9158663 0.8610767 0.9947887 0.9512211 0.9982512 0.8932020 0.8829463 0.9053260 1.0404922 1.1291634 1.1956874 1.1466428 1.0633514 1.2333698 1.2283721 1.1313756 1.1681087 1.1733060 1.1769818 1.2469793 1.0295800 1.1404897 1.1596818 1.0522776 1.1878782 1.4367822 1.3411598 1.3979962 1.5955665 1.5980211 1.8213758 1.7994037 1.5660812 1.5660812 1.6907897 1.7134324 1.8194002 1.6455087 1.7611056 1.8605329 1.7116391 2.1726051 2.2151098 2.1853344 1.7672872 1.7399609 3.3422615 
lcl|NC_007151.1_prot_YP_249671.1_1    0.6104736 0.6696763 0.5866361 0.5776208 0.5788150 0.5899069 0.5254752 0.5339468 0.5308957 0.4928731 0.6355982 0.0000000 0.0500354 0.0778025 0.7552604 0.8129342 0.8351592 0.9501126 0.8770247 0.9643847 0.9113500 0.8637873 0.8953516 0.9369485 1.0822347 1.0638609 1.0743788 1.1072336 1.0461509 1.0999779 1.0996779 1.1388441 1.1362376 1.0862996 1.1164059 0.9441543 1.0979810 1.0908120 1.0372415 1.1649120 1.2645233 1.2612699 1.2887366 1.4890789 1.7332067 1.8056596 1.5439696 1.4380003 1.4380003 1.5614250 1.5494056 2.0563455 1.3589438 2.1209727 1.7425259 1.6932483 2.3742878 2.4039152 2.3778022 1.8046474 1.7007766 3.1652971 
lcl|NC_007383.1_prot_YP_308954.1_1    0.6119339 0.6808188 0.6076018 0.5933721 0.5916530 0.5812036 0.5245826 0.5166474 0.5137007 0.5019000 0.6466393 0.0500354 0.0000000 0.0874086 0.7548716 0.8212595 0.7908561 0.9277426 0.8451648 0.9543213 0.8923437 0.8561969 0.8755997 0.8887371 1.1061571 1.0621701 1.1036635 1.1393590 1.0556799 1.0942815 1.1231143 1.1272042 1.1141046 1.1007450 1.1105902 0.9147373 1.1215276 1.0936972 1.0269838 1.1714680 1.3300393 1.2078755 1.2349512 1.4206075 1.7593983 1.8466991 1.5393567 1.4691183 1.4691183 1.6017280 1.6135030 2.0204143 1.4052510 2.0849074 1.7697659 1.6425260 2.2746152 2.3123691 2.2875945 1.7995344 1.6870705 3.2293211 
lcl|NC_026268.1_prot_YP_009116980.1_1 0.6165088 0.6771809 0.6146927 0.6032488 0.5999753 0.5989067 0.5142053 0.5289264 0.5258675 0.4919285 0.6437643 0.0778025 0.0874086 0.0000000 0.7844932 0.8086819 0.8421526 0.9338635 0.8873984 0.9656400 0.9424494 0.8944428 0.9234911 0.9166133 1.1290479 1.0804547 1.0942953 1.1480636 1.0649876 1.0914322 1.1347970 1.1124014 1.0887727 1.1001128 1.1297418 0.9466120 1.1332657 1.0707158 1.0664268 1.1548690 1.3086912 1.2371007 1.2665396 1.4310793 1.7795450 1.6849785 1.5244046 1.3633800 1.3633800 1.5036017 1.5283017 2.0366788 1.3231053 2.0671017 1.6408221 1.6232285 2.2979070 2.3361665 2.3109607 1.6957718 1.6073545 3.2258023 
lcl|NC_010276.1_prot_YP_001650939.1_1 0.7426371 0.6837269 0.6983772 0.7018383 0.6882502 0.7165639 0.6415966 0.6547757 0.6513947 0.6659231 0.7489006 0.7552604 0.7548716 0.7844932 0.0000000 0.9473726 0.9347641 0.9974599 0.8751968 1.0569609 0.9336814 0.8955759 0.8839041 1.0592303 0.9997899 1.0985500 1.0463216 1.0244877 1.0764040 1.1481042 0.9644212 1.0473061 1.1168109 1.0616716 1.1591785 0.9055370 0.9932837 1.0099122 0.9951398 1.0837534 1.3367183 1.2683763 1.3755217 1.3384514 1.5412457 1.8050936 1.5601613 1.5748278 1.5748278 1.6103006 1.6463087 1.8973033 1.6587329 1.7387394 1.6006713 1.8906188 2.1703041 2.2276693 2.1831870 1.7217034 1.6994561 3.2657482 
lcl|NC_018504.1_prot_YP_006607807.1_1 0.7317116 0.8340933 0.7759437 0.7707057 0.7872632 0.7790834 0.6750509 0.7000110 0.6841785 0.6606552 0.9158663 0.8129342 0.8212595 0.8086819 0.9473726 0.0000000 0.9148668 0.3252589 0.8513510 0.3427852 0.9546699 0.4854672 0.9212457 0.8414786 1.0880952 1.2266555 1.1073225 1.1646337 1.1073060 1.2707878 1.0828410 1.1666646 1.2155978 1.1236171 1.2417312 0.8510569 1.0919427 0.7914124 0.7815507 1.2125893 1.3056585 1.1315934 1.1776920 1.3320320 1.6170236 1.6820369 1.5822679 1.3693355 1.3693355 1.5407755 1.5047767 1.9082301 1.5104246 1.8216334 1.6049611 1.8141019 2.0110118 2.0370844 2.0237450 1.5796390 1.5312139 2.6184606 
lcl|NC_002654.2_prot_NP_075127.1_1    0.7914991 0.8616285 0.7565650 0.7808833 0.7957130 0.8132044 0.7445492 0.7401499 0.7490228 0.7397391 0.8610767 0.8351592 0.7908561 0.8421526 0.9347641 0.9148668 0.0000000 0.9891619 1.1558254 0.9901099 0.8937487 0.8897119 0.8916232 0.9821771 1.0505558 0.9707625 1.0564786 1.0800222 1.1930812 1.0081451 1.0697927 1.1310111 1.0158380 1.1120544 0.9837445 0.8854128 1.0895677 1.0610844 1.0572802 1.0747037 1.2869671 1.2241278 1.3418264 1.4908058 1.5492630 1.7255385 1.5682471 1.5920100 1.5920100 1.6797549 1.7773039 1.6955165 1.4735734 1.7354314 1.7097851 1.9006222 1.9565118 1.9740552 1.9689530 1.6454613 1.6338255 2.8891842 
lcl|NC_028636.1_prot_YP_009186743.1_1 0.7887752 0.9616983 0.8776817 0.8051704 0.8488310 0.7800868 0.7422109 0.7587586 0.7584127 0.7204768 0.9947887 0.9501126 0.9277426 0.9338635 0.9974599 0.3252589 0.9891619 0.0000000 1.0253919 0.3738385 0.8686929 0.4431391 0.9151548 0.8567667 1.2653964 1.2358545 1.2644539 1.2857415 1.3435791 1.2741376 1.2225208 1.3119726 1.2515276 1.2203772 1.2721948 0.8949944 1.2069440 0.7529583 0.8330608 1.3173682 1.4000642 1.3963634 1.4416392 1.3456960 1.5571204 1.7391845 1.5432688 1.5539921 1.5539921 1.7727865 1.7645431 1.9382580 1.5226016 1.8691415 1.6372281 1.8053790 2.0086926 2.0262630 2.0210710 1.6975864 1.6540091 3.1264463 
lcl|NC_012639.1_prot_YP_002854630.1_1 0.8001633 0.9168365 0.8786804 0.8260363 0.7910875 0.7991761 0.7647189 0.7835923 0.7966178 0.7817307 0.9512211 0.8770247 0.8451648 0.8873984 0.8751968 0.8513510 1.1558254 1.0253919 0.0000000 0.9022334 1.0039721 0.9032011 0.9506902 1.0150736 1.1683235 1.2229838 1.2027454 1.1705326 1.2634538 1.3556016 1.1913865 1.1934003 1.2733321 1.2567960 1.2906987 1.1406229 1.2422503 1.0615344 1.1172431 1.2916823 1.3738442 1.4079931 1.4659609 1.5058796 1.6163524 1.8414138 1.6693970 1.6262415 1.6262415 1.7260857 1.7132209 1.7511058 1.8654470 1.8946307 1.8039996 1.9458577 2.0752476 2.1501151 2.0969653 2.0692033 2.0079481 2.9729895 
lcl|NC_008586.1_prot_YP_874242.1_1    0.8234101 0.9390109 0.8440144 0.8269836 0.8766871 0.7576039 0.7436845 0.7442495 0.7304761 0.7339832 0.9982512 0.9643847 0.9543213 0.9656400 1.0569609 0.3427852 0.9901099 0.3738385 0.9022334 0.0000000 0.9174810 0.4810202 0.8929374 0.8121111 1.2160248 1.2873679 1.2737572 1.3214010 1.4595249 1.3533376 1.2284883 1.2539202 1.2439222 1.2604452 1.2799687 0.8493213 1.2537230 0.8284775 0.7389968 1.3865461 1.5076463 1.3712832 1.4022774 1.3935826 1.6469207 1.6801944 1.5874648 1.5538586 1.5538586 1.7086673 1.6631563 1.9962921 1.6091938 2.0336399 1.6275626 1.9663709 2.2885516 2.3075497 2.3014688 1.7064209 1.6896070 3.1741817 
lcl|NC_013953.1_prot_YP_003517804.1_1 0.8141139 0.8859094 0.8073429 0.7743902 0.8286629 0.8168838 0.7611791 0.7727434 0.7871539 0.7462763 0.8932020 0.9113500 0.8923437 0.9424494 0.9336814 0.9546699 0.8937487 0.8686929 1.0039721 0.9174810 0.0000000 0.7364902 0.0641695 0.9419212 1.2072495 1.2961507 1.2222160 1.2091793 1.1544359 1.3741377 1.2336128 1.2540278 1.3539916 1.2280134 1.3653972 0.9728972 1.2530393 1.0344145 0.9157979 1.2795849 1.5039013 1.3000603 1.3486275 1.4842116 1.7469539 2.0437570 1.2645600 1.4523496 1.4554879 1.5024398 1.5654605 1.9787460 1.7144610 1.7655219 1.7973548 1.5700253 1.7701898 1.7871281 1.7824825 1.8184065 1.8185794 3.3295572 
lcl|NC_023442.1_prot_YP_009001790.1_1 0.7499476 0.8000114 0.7679260 0.7696966 0.7669504 0.7860658 0.6626762 0.6691926 0.6645723 0.7052708 0.8829463 0.8637873 0.8561969 0.8944428 0.8955759 0.4854672 0.8897119 0.4431391 0.9032011 0.4810202 0.7364902 0.0000000 0.7568532 0.7897836 1.0636942 1.0891422 1.1160516 1.1332204 1.1674524 1.1282976 1.0874245 1.1444619 1.0954417 1.1234484 1.1285735 0.8060311 1.1280854 0.7478289 0.7894836 1.1787790 1.3692983 1.4488704 1.5018783 1.3652968 1.4728122 1.5747255 1.3937661 1.5332869 1.5332869 1.6474446 1.6312820 1.7165619 1.5819358 1.6835365 1.5623310 1.7240319 1.6841904 1.6864654 1.6817319 1.5324779 1.5496793 2.8806358 
lcl|NC_001973.1_prot_NP_047705.1_1    0.8141654 0.8492557 0.8000847 0.7549278 0.8063248 0.8038805 0.7619028 0.7645200 0.7787611 0.7531560 0.9053260 0.8953516 0.8755997 0.9234911 0.8839041 0.9212457 0.8916232 0.9151548 0.9506902 0.8929374 0.0641695 0.7568532 0.0000000 0.9568720 1.2200533 1.3358219 1.2379721 1.2043972 1.1815808 1.4116602 1.2255354 1.2573666 1.3878405 1.2713857 1.4078592 0.9465928 1.2466519 1.0818162 0.8952239 1.3176850 1.5463397 1.2412554 1.3241965 1.4340798 1.7482330 2.0047891 1.3453029 1.4665869 1.4697419 1.4673072 1.5632472 1.9636736 1.7576495 1.7462365 1.8841182 1.5766688 1.8110714 1.8282329 1.8234637 1.7759784 1.8087874 3.3097006 
lcl|NC_027923.1_prot_YP_009165658.1_1 0.7967036 0.8943916 0.8392908 0.8713594 0.9005085 0.8538353 0.8387282 0.8118639 0.8086066 0.7033283 1.0404922 0.9369485 0.8887371 0.9166133 1.0592303 0.8414786 0.9821771 0.8567667 1.0150736 0.8121111 0.9419212 0.7897836 0.9568720 0.0000000 1.0047280 1.0620352 1.0424568 1.1117183 1.1782324 1.1520251 1.0591873 1.1808164 1.0899967 1.1244192 1.0878825 0.6440999 1.0967328 0.9567518 0.9860929 1.1920563 1.3359048 1.3336098 1.4580571 1.3990342 1.4687856 1.6684329 1.4873039 1.6385069 1.6385069 1.7253802 1.6800163 1.6683274 1.6324516 1.6081658 1.6447323 1.6408496 1.8314901 1.8686937 1.8494817 1.6287046 1.5857994 2.6475791 
lcl|NC_005137.2_prot_NP_932669.1_1    0.9222959 1.0074890 1.0252463 0.9765338 0.9728081 1.0892999 0.8763467 0.8791317 0.8701161 0.8929354 1.1291634 1.0822347 1.1061571 1.1290479 0.9997899 1.0880952 1.0505558 1.2653964 1.1683235 1.2160248 1.2072495 1.0636942 1.2200533 1.0047280 0.0000000 0.4015078 0.0971937 0.2401103 0.6612299 0.4203988 0.1686099 0.3054995 0.4445384 0.1782591 0.4440166 1.1505837 0.1632475 1.2833677 1.1553279 0.3703890 0.6732794 1.3660988 1.4142939 1.5274843 1.3871138 2.0934095 1.6665181 1.4907400 1.4907400 1.4013233 1.3591757 1.9654644 1.5476957 1.9438893 2.0615067 1.8495833 2.1621322 2.1838450 2.1630192 1.6083299 1.5401954 4.2449907 
lcl|NC_001623.1_prot_NP_054094.1_1    0.9504825 1.0850723 1.0344807 1.0984164 1.0421131 1.0512655 0.8445849 0.8792295 0.8932121 0.8846443 1.1956874 1.0638609 1.0621701 1.0804547 1.0985500 1.2266555 0.9707625 1.2358545 1.2229838 1.2873679 1.2961507 1.0891422 1.3358219 1.0620352 0.4015078 0.0000000 0.4473509 0.4080910 0.5866393 0.1022154 0.4218670 0.4831996 0.2422584 0.4280081 0.0461615 1.1450288 0.3901153 1.2623252 1.2372787 0.5365192 0.7731103 1.2621321 1.3146435 1.6254192 1.4380639 1.8639294 1.7006775 1.4520843 1.4520843 1.4787456 1.4735524 1.8880872 1.5705761 1.9545217 2.0561727 1.8134570 1.9296048 1.9387798 1.9135704 1.5233032 1.4191322 3.4817608 
lcl|NC_021924.1_prot_YP_008378439.1_1 0.9154980 1.0152253 1.0196765 1.0011379 1.0084969 1.1159652 0.9469846 0.9680055 0.9580771 0.9511649 1.1466428 1.0743788 1.1036635 1.0942953 1.0463216 1.1073225 1.0564786 1.2644539 1.2027454 1.2737572 1.2222160 1.1160516 1.2379721 1.0424568 0.0971937 0.4473509 0.0000000 0.2679744 0.6809961 0.4717430 0.1889737 0.2988146 0.4618758 0.2114509 0.5005088 1.1686299 0.1853040 1.3974740 1.2023640 0.3314647 0.7407160 1.3822757 1.4336273 1.6246432 1.4258805 2.1408134 1.8001914 1.4892847 1.4892847 1.4424448 1.3866455 2.0420625 1.5925318 1.9895337 2.0987010 1.7830183 2.2113690 2.2252448 2.2116524 1.6785478 1.6137536 4.4955649 
lcl|NC_008035.3_prot_YP_611057.1_1    0.9018745 1.0113901 1.0399081 0.9718434 0.9857636 1.0872342 0.9012415 0.9337158 0.9241091 0.9441296 1.0633514 1.1072336 1.1393590 1.1480636 1.0244877 1.1646337 1.0800222 1.2857415 1.1705326 1.3214010 1.2091793 1.1332204 1.2043972 1.1117183 0.2401103 0.4080910 0.2679744 0.0000000 0.6856848 0.4610708 0.2535439 0.4049152 0.4644110 0.3222584 0.4419548 1.2456181 0.2727861 1.4343721 1.1856492 0.4388590 0.8076657 1.4926783 1.5402594 1.7023180 1.4842976 1.9737602 1.6886557 1.6050419 1.6050419 1.5207189 1.4756040 1.9258603 1.5989128 1.8929960 1.9707666 1.9244443 2.0152993 2.0193482 2.0002698 1.6526995 1.5960896 4.2331414 
lcl|NC_030240.1_prot_YP_009255334.1_1 0.9856585 0.9993940 0.9969633 1.0451843 1.0403581 1.0777596 0.9591627 0.9766142 0.9838142 0.9981963 1.2333698 1.0461509 1.0556799 1.0649876 1.0764040 1.1073060 1.1930812 1.3435791 1.2634538 1.4595249 1.1544359 1.1674524 1.1815808 1.1782324 0.6612299 0.5866393 0.6809961 0.6856848 0.0000000 0.6157900 0.7093948 0.6020426 0.6436552 0.6538554 0.6212270 1.3035872 0.7053657 1.4704217 1.3366900 0.6673398 0.8510727 1.4064150 1.4794783 1.7140175 1.3759502 1.9516486 1.5387678 1.3314790 1.3343644 1.3025559 1.3470985 2.0837236 1.3426718 2.0089394 1.9938750 1.7070642 2.1618773 2.1320319 2.1188805 1.6383642 1.5758569 3.7198499 
lcl|NC_008725.1_prot_YP_950778.1_1    1.0175811 1.1549173 1.0765558 1.1707772 1.1176193 1.1458118 0.8972533 0.9387673 0.9457540 0.9536123 1.2283721 1.0999779 1.0942815 1.0914322 1.1481042 1.2707878 1.0081451 1.2741376 1.3556016 1.3533376 1.3741377 1.1282976 1.4116602 1.1520251 0.4203988 0.1022154 0.4717430 0.4610708 0.6157900 0.0000000 0.4408449 0.5509024 0.2541029 0.4479548 0.1281023 1.2067710 0.4072685 1.3113174 1.3204471 0.6036660 0.7719768 1.2444706 1.3217902 1.5131220 1.4854665 1.9178196 1.7242015 1.4450000 1.4450000 1.4591817 1.4538687 1.9660185 1.5534725 1.9454604 2.0649032 1.8209354 2.0020022 2.0173239 1.9908198 1.5346354 1.4339099 2.9299820 
lcl|NC_023177.1_prot_YP_008992182.1_1 0.9586543 1.0172319 1.0630085 0.9912319 0.9890562 1.1025215 0.8907623 0.9090544 0.8997047 0.9105376 1.1313756 1.0996779 1.1231143 1.1347970 0.9644212 1.0828410 1.0697927 1.2225208 1.1913865 1.2284883 1.2336128 1.0874245 1.2255354 1.0591873 0.1686099 0.4218670 0.1889737 0.2535439 0.7093948 0.4408449 0.0000000 0.3121298 0.4987151 0.1832796 0.4660281 1.1772939 0.0529801 1.3308855 1.1889344 0.3768284 0.6957836 1.4784547 1.5255671 1.5783157 1.4251805 1.9926188 1.7619194 1.5388067 1.5388067 1.5020583 1.4572035 1.9910457 1.5837717 1.8487323 2.0500889 1.9200400 2.1398239 2.1558464 2.1354158 1.6131671 1.5516491 4.1418317 
lcl|NC_007767.1_prot_YP_473274.1_1    0.9507908 1.0272432 1.0262563 0.9786516 0.9963103 1.0568828 0.9831469 0.9644043 0.9546593 0.9576054 1.1681087 1.1388441 1.1272042 1.1124014 1.0473061 1.1666646 1.1310111 1.3119726 1.1934003 1.2539202 1.2540278 1.1444619 1.2573666 1.1808164 0.3054995 0.4831996 0.2988146 0.4049152 0.6020426 0.5509024 0.3121298 0.0000000 0.4935305 0.3176936 0.5092337 1.2487019 0.3194662 1.4811368 1.2600098 0.1618372 0.7148808 1.3919604 1.4567774 1.5116226 1.3480608 2.0188628 1.9146937 1.4137467 1.4137467 1.3513569 1.2909984 2.1175453 1.4946673 1.9277040 2.1425853 1.6563444 2.0876446 2.1272146 2.1059819 1.5759359 1.5209345 4.1806688 
lcl|NC_019945.1_prot_YP_007250471.1_1 0.9827489 1.0642897 1.0521745 1.0713578 1.0258887 1.0808770 0.8952528 0.9348909 0.9308412 0.9402814 1.1733060 1.1362376 1.1141046 1.0887727 1.1168109 1.2155978 1.0158380 1.2515276 1.2733321 1.2439222 1.3539916 1.0954417 1.3878405 1.0899967 0.4445384 0.2422584 0.4618758 0.4644110 0.6436552 0.2541029 0.4987151 0.4935305 0.0000000 0.4628599 0.2853032 1.1955928 0.4571143 1.2449715 1.2305497 0.5714520 0.7892796 1.3231373 1.3876363 1.4825029 1.4474584 1.7158916 1.6290624 1.4716566 1.4716566 1.3884262 1.3987750 1.7824739 1.5696260 1.7950956 1.8474992 1.7128519 1.7351671 1.7649660 1.7417159 1.4600786 1.3696024 3.1979879 
lcl|NC_003083.1_prot_NP_203226.1_1    0.9721041 1.0676986 1.0658862 1.0360648 1.0236509 1.1093258 0.9113124 0.9167864 0.9073123 0.9264817 1.1769818 1.0862996 1.1007450 1.1001128 1.0616716 1.1236171 1.1120544 1.2203772 1.2567960 1.2604452 1.2280134 1.1234484 1.2713857 1.1244192 0.1782591 0.4280081 0.2114509 0.3222584 0.6538554 0.4479548 0.1832796 0.3176936 0.4628599 0.0000000 0.4683797 1.1918842 0.1614652 1.3196128 1.2553125 0.3678008 0.6873464 1.4107357 1.4591444 1.5224886 1.4487896 1.9734017 1.7264692 1.3899788 1.3899788 1.3847707 1.3308239 1.9299983 1.4702273 1.8860276 1.9811141 1.8249634 2.0456006 2.0661196 2.0538592 1.5727335 1.5278686 4.1020972 
lcl|NC_001962.1_prot_NP_047468.1_1    1.0093805 1.1506089 1.1028515 1.1469231 1.0887872 1.1223628 0.8874674 0.9231536 0.9375227 0.9206567 1.2469793 1.1164059 1.1105902 1.1297418 1.1591785 1.2417312 0.9837445 1.2721948 1.2906987 1.2799687 1.3653972 1.1285735 1.4078592 1.0878825 0.4440166 0.0461615 0.5005088 0.4419548 0.6212270 0.1281023 0.4660281 0.5092337 0.2853032 0.4683797 0.0000000 1.1712202 0.4328336 1.2976380 1.2846550 0.5762499 0.7904025 1.2680199 1.3204663 1.6392879 1.4274137 1.8719145 1.7551410 1.5043708 1.5043708 1.5015584 1.4964807 1.9060583 1.5713161 1.9522667 2.0413383 1.8374968 1.9470515 1.9561616 1.9306696 1.5609321 1.4587011 3.2946861 
lcl|NC_008293.1_prot_YP_717594.1_1    0.9831074 1.0177663 0.9172212 0.8836400 0.9245290 0.9297410 0.7751303 0.7655970 0.7651937 0.7130843 1.0295800 0.9441543 0.9147373 0.9466120 0.9055370 0.8510569 0.8854128 0.8949944 1.1406229 0.8493213 0.9728972 0.8060311 0.9465928 0.6440999 1.1505837 1.1450288 1.1686299 1.2456181 1.3035872 1.2067710 1.1772939 1.2487019 1.1955928 1.1918842 1.1712202 0.0000000 1.1966941 0.9292424 0.9199486 1.2635833 1.4670535 1.2383828 1.3444078 1.3385382 1.6227941 1.6446948 1.6697049 1.6459298 1.6459298 1.7470604 1.8091593 1.8353582 1.8339132 1.8622631 1.7648465 1.8842971 1.9153815 1.9539847 1.9279406 1.6493333 1.6732148 3.0091454 
lcl|NC_004778.3_prot_NP_848371.1_1    0.9696451 1.0579757 1.0974017 1.0257985 1.0228135 1.1082053 0.9176344 0.9363963 0.9267368 0.9281529 1.1404897 1.0979810 1.1215276 1.1332657 0.9932837 1.0919427 1.0895677 1.2069440 1.2422503 1.2537230 1.2530393 1.1280854 1.2466519 1.0967328 0.1632475 0.3901153 0.1853040 0.2727861 0.7053657 0.4072685 0.0529801 0.3194662 0.4571143 0.1614652 0.4328336 1.1966941 0.0000000 1.3495598 1.2337564 0.3710742 0.7079296 1.4358003 1.4847931 1.5634810 1.4474364 2.0801685 1.7531195 1.5229435 1.5229435 1.5061964 1.4484555 2.0059186 1.5586709 1.8909716 2.0705681 1.9016017 2.1474851 2.1635376 2.1429600 1.5492470 1.4965058 4.1592980 
lcl|NC_021923.1_prot_YP_008378272.1_1 1.0363063 1.0228528 1.0040686 1.0398330 1.0188318 1.0683844 0.9238138 0.9398572 0.9279597 0.9207067 1.1596818 1.0908120 1.0936972 1.0707158 1.0099122 0.7914124 1.0610844 0.7529583 1.0615344 0.8284775 1.0344145 0.7478289 1.0818162 0.9567518 1.2833677 1.2623252 1.3974740 1.4343721 1.4704217 1.3113174 1.3308855 1.4811368 1.2449715 1.3196128 1.2976380 0.9292424 1.3495598 0.0000000 0.8857885 1.4436662 1.3455061 1.3527157 1.3627720 1.3711008 1.4587939 1.7967895 1.5079806 1.5218886 1.5218886 1.5507844 1.5556918 1.9418528 1.5602904 1.9010265 1.7926695 1.5873953 2.0122121 2.0519917 2.0250127 1.7135782 1.6628196 2.8912105 
lcl|NC_026922.1_prot_YP_009133290.1_1 1.0475569 1.0279235 1.0151832 0.9546114 1.0064805 0.9267877 0.8766836 0.8990394 0.8975301 0.8795547 1.0522776 1.0372415 1.0269838 1.0664268 0.9951398 0.7815507 1.0572802 0.8330608 1.1172431 0.7389968 0.9157979 0.7894836 0.8952239 0.9860929 1.1553279 1.2372787 1.2023640 1.1856492 1.3366900 1.3204471 1.1889344 1.2600098 1.2305497 1.2553125 1.2846550 0.9199486 1.2337564 0.8857885 0.0000000 1.3291816 1.4096877 1.5062867 1.5631501 1.6468570 1.5521786 1.8644334 1.5341814 1.7720431 1.7720431 1.8501566 1.7955225 1.8916645 1.7891194 1.9920000 1.5470737 1.8872712 2.0662470 2.0843284 2.0788926 1.8042091 1.7951349 3.1722910 
lcl|NC_001875.2_prot_NP_046225.1_1    0.9955811 1.0400252 1.0333343 1.0129935 1.0355847 1.1330676 0.9961798 1.0120300 1.0017249 0.9790604 1.1878782 1.1649120 1.1714680 1.1548690 1.0837534 1.2125893 1.0747037 1.3173682 1.2916823 1.3865461 1.2795849 1.1787790 1.3176850 1.1920563 0.3703890 0.5365192 0.3314647 0.4388590 0.6673398 0.6036660 0.3768284 0.1618372 0.5714520 0.3678008 0.5762499 1.2635833 0.3710742 1.4436662 1.3291816 0.0000000 0.7250885 1.3846481 1.4338197 1.4654405 1.4408163 2.1421137 2.0095222 1.5168001 1.5168001 1.4649162 1.4240283 2.2717459 1.5882230 2.0784649 2.3546406 1.7367736 2.2247208 2.2479740 2.2337135 1.6143555 1.5235400 4.4678368 
lcl|NC_043529.1_prot_YP_009666601.1_1 1.1935420 1.2409782 1.2398500 1.1750984 1.1382239 1.2481506 1.1277791 1.1626121 1.1568486 1.1239339 1.4367822 1.2645233 1.3300393 1.3086912 1.3367183 1.3056585 1.2869671 1.4000642 1.3738442 1.5076463 1.5039013 1.3692983 1.5463397 1.3359048 0.6732794 0.7731103 0.7407160 0.8076657 0.8510727 0.7719768 0.6957836 0.7148808 0.7892796 0.6873464 0.7904025 1.4670535 0.7079296 1.3455061 1.4096877 0.7250885 0.0000000 1.4583069 1.4676101 1.6004617 1.6216692 1.9977343 1.6570963 1.7251517 1.7251517 1.8377771 1.8132254 1.9600423 1.5037365 1.9788277 2.0882687 1.8773335 2.0764697 2.0707345 2.0577509 1.6848425 1.6562251 3.3816975 
lcl|NC_003102.1_prot_NP_258300.1_1    1.1408053 1.1929455 1.1241432 1.2241203 1.1682389 1.2024827 1.2508356 1.2495213 1.2669586 1.1723473 1.3411598 1.2612699 1.2078755 1.2371007 1.2683763 1.1315934 1.2241278 1.3963634 1.4079931 1.3712832 1.3000603 1.4488704 1.2412554 1.3336098 1.3660988 1.2621321 1.3822757 1.4926783 1.4064150 1.2444706 1.4784547 1.3919604 1.3231373 1.4107357 1.2680199 1.2383828 1.4358003 1.3527157 1.5062867 1.3846481 1.4583069 0.0000000 0.0708537 0.9392524 1.6380068 1.6900262 1.7126551 1.5190340 1.5190340 1.5095104 1.5225354 1.7811853 1.6048655 1.8000712 1.7284916 1.6359294 1.8841759 1.9363382 1.8961182 1.6433850 1.6362887 3.0508276 
lcl|NC_038369.1_prot_YP_009505837.1_1 1.1935815 1.2612929 1.1793132 1.2603510 1.2130255 1.2350545 1.3321939 1.3301657 1.3483971 1.2075727 1.3979962 1.2887366 1.2349512 1.2665396 1.3755217 1.1776920 1.3418264 1.4416392 1.4659609 1.4022774 1.3486275 1.5018783 1.3241965 1.4580571 1.4142939 1.3146435 1.4336273 1.5402594 1.4794783 1.3217902 1.5255671 1.4567774 1.3876363 1.4591444 1.3204663 1.3444078 1.4847931 1.3627720 1.5631501 1.4338197 1.4676101 0.0708537 0.0000000 0.9725115 1.7570799 1.7327889 1.7708508 1.5286388 1.5286388 1.5278324 1.5339415 1.9564669 1.5908784 1.7976063 1.7834997 1.5938673 1.9528554 2.0066497 1.9648647 1.6575113 1.6504376 3.1585714 
lcl|NC_008348.1_prot_YP_758332.1_1    1.3575660 1.4327014 1.2914981 1.3440501 1.3289098 1.3782283 1.3697792 1.4254067 1.4164383 1.3985003 1.5955665 1.4890789 1.4206075 1.4310793 1.3384514 1.3320320 1.4908058 1.3456960 1.5058796 1.3935826 1.4842116 1.3652968 1.4340798 1.3990342 1.5274843 1.6254192 1.6246432 1.7023180 1.7140175 1.5131220 1.5783157 1.5116226 1.4825029 1.5224886 1.6392879 1.3385382 1.5634810 1.3711008 1.6468570 1.4654405 1.6004617 0.9392524 0.9725115 0.0000000 1.8184274 1.9330685 1.7747327 1.5980927 1.5980927 1.5835142 1.6261263 1.9203937 1.8652140 2.0351287 1.7567095 1.8602897 2.1750075 2.2193747 2.1755528 1.9727557 1.8736345 3.4926183 
lcl|NC_018875.1_prot_YP_006908538.1_1 1.2698216 1.2743434 1.3143194 1.3755103 1.4358723 1.5761887 1.3538868 1.3348871 1.3230816 1.3535525 1.5980211 1.7332067 1.7593983 1.7795450 1.5412457 1.6170236 1.5492630 1.5571204 1.6163524 1.6469207 1.7469539 1.4728122 1.7482330 1.4687856 1.3871138 1.4380639 1.4258805 1.4842976 1.3759502 1.4854665 1.4251805 1.3480608 1.4474584 1.4487896 1.4274137 1.6227941 1.4474364 1.4587939 1.5521786 1.4408163 1.6216692 1.6380068 1.7570799 1.8184274 0.0000000 1.6973528 1.3808294 1.3876904 1.3876904 1.4398451 1.4935184 1.4601770 1.1416519 1.5006634 1.5570643 1.2595476 1.5188200 1.5252228 1.5022451 1.2358693 1.2245479 2.8153564 
lcl|NC_023426.1_prot_YP_009001507.1_1 1.6037410 1.7559399 1.7347944 1.6598828 1.7255058 1.7139852 1.7081086 1.7023337 1.6843782 1.6265309 1.8213758 1.8056596 1.8466991 1.6849785 1.8050936 1.6820369 1.7255385 1.7391845 1.8414138 1.6801944 2.0437570 1.5747255 2.0047891 1.6684329 2.0934095 1.8639294 2.1408134 1.9737602 1.9516486 1.9178196 1.9926188 2.0188628 1.7158916 1.9734017 1.8719145 1.6446948 2.0801685 1.7967895 1.8644334 2.1421137 1.9977343 1.6900262 1.7327889 1.9330685 1.6973528 0.0000000 1.9453615 1.9858711 1.9858711 1.7591652 1.8675704 1.1267290 1.5040496 1.1363592 0.8725691 1.7324114 1.1319218 1.1582657 1.1496779 1.6012308 1.5798907 3.3704603 
lcl|NC_040606.1_prot_YP_009552212.1_1 1.5942974 1.6044766 1.5684999 1.5446509 1.5355289 1.4204489 1.4957342 1.6025196 1.6093848 1.3720347 1.7994037 1.5439696 1.5393567 1.5244046 1.5601613 1.5822679 1.5682471 1.5432688 1.6693970 1.5874648 1.2645600 1.3937661 1.3453029 1.4873039 1.6665181 1.7006775 1.8001914 1.6886557 1.5387678 1.7242015 1.7619194 1.9146937 1.6290624 1.7264692 1.7551410 1.6697049 1.7531195 1.5079806 1.5341814 2.0095222 1.6570963 1.7126551 1.7708508 1.7747327 1.3808294 1.9453615 0.0000000 1.3763396 1.3763396 1.4715002 1.5352331 2.0982966 1.3602017 2.1103220 1.9529866 1.3534176 1.8983625 1.8827041 1.8577952 1.6766053 1.6789217 3.4199630 
lcl|NC_013772.1_prot_YP_003422449.1_1 1.3860066 1.3503916 1.3245139 1.5754811 1.5364481 1.4749471 1.3826065 1.3623578 1.3818770 1.5401191 1.5660812 1.4380003 1.4691183 1.3633800 1.5748278 1.3693355 1.5920100 1.5539921 1.6262415 1.5538586 1.4523496 1.5332869 1.4665869 1.6385069 1.4907400 1.4520843 1.4892847 1.6050419 1.3314790 1.4450000 1.5388067 1.4137467 1.4716566 1.3899788 1.5043708 1.6459298 1.5229435 1.5218886 1.7720431 1.5168001 1.7251517 1.5190340 1.5286388 1.5980927 1.3876904 1.9858711 1.3763396 0.0000000 0.0039783 0.2261287 0.2129755 1.8580004 1.4753609 1.7910500 1.8425789 1.4604726 1.8524802 1.8781078 1.8514373 1.3599742 1.3260606 3.0352628 
lcl|NC_038375.1_prot_YP_009506171.1_1 1.3860066 1.3503916 1.3245139 1.5754811 1.5364481 1.4749471 1.3826065 1.3623578 1.3818770 1.5401191 1.5660812 1.4380003 1.4691183 1.3633800 1.5748278 1.3693355 1.5920100 1.5539921 1.6262415 1.5538586 1.4554879 1.5332869 1.4697419 1.6385069 1.4907400 1.4520843 1.4892847 1.6050419 1.3343644 1.4450000 1.5388067 1.4137467 1.4716566 1.3899788 1.5043708 1.6459298 1.5229435 1.5218886 1.7720431 1.5168001 1.7251517 1.5190340 1.5286388 1.5980927 1.3876904 1.9858711 1.3763396 0.0039783 0.0000000 0.2261287 0.2129755 1.8580004 1.4753609 1.7910500 1.8425789 1.4604726 1.8524802 1.8781078 1.8514373 1.3599742 1.3260606 3.0352628 
lcl|NC_002331.1_prot_NP_059255.1_1    1.4330053 1.4245147 1.4787086 1.7044595 1.6550112 1.5522379 1.4509293 1.4488799 1.4295663 1.5775451 1.6907897 1.5614250 1.6017280 1.5036017 1.6103006 1.5407755 1.6797549 1.7727865 1.7260857 1.7086673 1.5024398 1.6474446 1.4673072 1.7253802 1.4013233 1.4787456 1.4424448 1.5207189 1.3025559 1.4591817 1.5020583 1.3513569 1.3884262 1.3847707 1.5015584 1.7470604 1.5061964 1.5507844 1.8501566 1.4649162 1.8377771 1.5095104 1.5278324 1.5835142 1.4398451 1.7591652 1.4715002 0.2261287 0.2261287 0.0000000 0.0748308 1.6551353 1.4257276 1.6722034 1.6884174 1.3895531 1.6358277 1.6204050 1.5979516 1.3180194 1.3084613 2.9242231 
lcl|NC_010240.1_prot_YP_001649091.1_1 1.3965559 1.4176533 1.4698687 1.6904080 1.6351687 1.5604080 1.4725414 1.4543482 1.4348137 1.6315875 1.7134324 1.5494056 1.6135030 1.5283017 1.6463087 1.5047767 1.7773039 1.7645431 1.7132209 1.6631563 1.5654605 1.6312820 1.5632472 1.6800163 1.3591757 1.4735524 1.3866455 1.4756040 1.3470985 1.4538687 1.4572035 1.2909984 1.3987750 1.3308239 1.4964807 1.8091593 1.4484555 1.5556918 1.7955225 1.4240283 1.8132254 1.5225354 1.5339415 1.6261263 1.4935184 1.8675704 1.5352331 0.2129755 0.2129755 0.0748308 0.0000000 1.7330219 1.4921414 1.7842459 1.8054686 1.4953988 1.7234774 1.7071218 1.6832697 1.3736720 1.3586812 2.9675804 
lcl|NC_021247.1_prot_YP_008004025.1_1 1.6979421 1.7898625 1.7598072 1.8316728 1.8318349 1.8600804 1.6222518 1.6875509 1.6431731 1.6907854 1.8194002 2.0563455 2.0204143 2.0366788 1.8973033 1.9082301 1.6955165 1.9382580 1.7511058 1.9962921 1.9787460 1.7165619 1.9636736 1.6683274 1.9654644 1.8880872 2.0420625 1.9258603 2.0837236 1.9660185 1.9910457 2.1175453 1.7824739 1.9299983 1.9060583 1.8353582 2.0059186 1.9418528 1.8916645 2.2717459 1.9600423 1.7811853 1.9564669 1.9203937 1.4601770 1.1267290 2.0982966 1.8580004 1.8580004 1.6551353 1.7330219 0.0000000 1.6077045 0.6166252 1.1224752 1.6477197 0.6286138 0.6374586 0.6302233 1.5097717 1.5000973 3.1870380 
lcl|NC_013797.1_prot_YP_003429337.1_1 1.4358249 1.4500991 1.5550117 1.5176162 1.5052245 1.5982816 1.4596134 1.5325981 1.5543711 1.5523632 1.6455087 1.3589438 1.4052510 1.3231053 1.6587329 1.5104246 1.4735734 1.5226016 1.8654470 1.6091938 1.7144610 1.5819358 1.7576495 1.6324516 1.5476957 1.5705761 1.5925318 1.5989128 1.3426718 1.5534725 1.5837717 1.4946673 1.5696260 1.4702273 1.5713161 1.8339132 1.5586709 1.5602904 1.7891194 1.5882230 1.5037365 1.6048655 1.5908784 1.8652140 1.1416519 1.5040496 1.3602017 1.4753609 1.4753609 1.4257276 1.4921414 1.6077045 0.0000000 1.6416713 1.5490191 0.8256442 1.7744874 1.8069004 1.7809886 0.8548226 0.8267133 2.9525490 
lcl|NC_021246.1_prot_YP_008003691.1_1 1.6742363 1.6759751 1.5813749 1.8090804 1.8165938 1.8684048 1.6124419 1.6233482 1.5976711 1.7281069 1.7611056 2.1209727 2.0849074 2.0671017 1.7387394 1.8216334 1.7354314 1.8691415 1.8946307 2.0336399 1.7655219 1.6835365 1.7462365 1.6081658 1.9438893 1.9545217 1.9895337 1.8929960 2.0089394 1.9454604 1.8487323 1.9277040 1.7950956 1.8860276 1.9522667 1.8622631 1.8909716 1.9010265 1.9920000 2.0784649 1.9788277 1.8000712 1.7976063 2.0351287 1.5006634 1.1363592 2.1103220 1.7910500 1.7910500 1.6722034 1.7842459 0.6166252 1.6416713 0.0000000 1.0524925 1.7179366 0.7280111 0.7368031 0.7287151 1.7148940 1.7083841 3.0630387 
lcl|NC_038921.1_prot_YP_009508241.1_1 1.7337067 1.7128418 1.6723353 1.8154309 1.7730540 1.7687278 1.6228933 1.6492384 1.6382255 1.7138630 1.8605329 1.7425259 1.7697659 1.6408221 1.6006713 1.6049611 1.7097851 1.6372281 1.8039996 1.6275626 1.7973548 1.5623310 1.8841182 1.6447323 2.0615067 2.0561727 2.0987010 1.9707666 1.9938750 2.0649032 2.0500889 2.1425853 1.8474992 1.9811141 2.0413383 1.7648465 2.0705681 1.7926695 1.5470737 2.3546406 2.0882687 1.7284916 1.7834997 1.7567095 1.5570643 0.8725691 1.9529866 1.8425789 1.8425789 1.6884174 1.8054686 1.1224752 1.5490191 1.0524925 0.0000000 1.9321578 1.0735758 1.1138330 1.1019364 1.5389995 1.5157245 2.9726993 
lcl|NC_002816.1_prot_NP_148797.1_1    1.6199417 1.5934749 1.6024912 1.6862178 1.6885245 1.7226862 1.5267204 1.6158718 1.6388841 1.6293673 1.7116391 1.6932483 1.6425260 1.6232285 1.8906188 1.8141019 1.9006222 1.8053790 1.9458577 1.9663709 1.5700253 1.7240319 1.5766688 1.6408496 1.8495833 1.8134570 1.7830183 1.9244443 1.7070642 1.8209354 1.9200400 1.6563444 1.7128519 1.8249634 1.8374968 1.8842971 1.9016017 1.5873953 1.8872712 1.7367736 1.8773335 1.6359294 1.5938673 1.8602897 1.2595476 1.7324114 1.3534176 1.4604726 1.4604726 1.3895531 1.4953988 1.6477197 0.8256442 1.7179366 1.9321578 0.0000000 1.6812651 1.6677972 1.6449283 1.0599861 1.0375000 3.2694884 
lcl|NC_043363.1_prot_YP_009665938.1_1 1.8975621 1.9719227 1.9410910 2.1465318 2.1431400 2.1191714 1.8410496 1.9522195 1.9086787 2.0195414 2.1726051 2.3742878 2.2746152 2.2979070 2.1703041 2.0110118 1.9565118 2.0086926 2.0752476 2.2885516 1.7701898 1.6841904 1.8110714 1.8314901 2.1621322 1.9296048 2.2113690 2.0152993 2.1618773 2.0020022 2.1398239 2.0876446 1.7351671 2.0456006 1.9470515 1.9153815 2.1474851 2.0122121 2.0662470 2.2247208 2.0764697 1.8841759 1.9528554 2.1750075 1.5188200 1.1319218 1.8983625 1.8524802 1.8524802 1.6358277 1.7234774 0.6286138 1.7744874 0.7280111 1.0735758 1.6812651 0.0000000 0.0145942 0.0145927 1.5927365 1.5937421 3.4287004 
lcl|NC_021249.1_prot_YP_008004671.1_1 1.9311232 2.0108297 1.9729992 2.1905647 2.1870696 2.1382944 1.8796676 1.9861176 1.9419073 2.0628954 2.2151098 2.4039152 2.3123691 2.3361665 2.2276693 2.0370844 1.9740552 2.0262630 2.1501151 2.3075497 1.7871281 1.6864654 1.8282329 1.8686937 2.1838450 1.9387798 2.2252448 2.0193482 2.1320319 2.0173239 2.1558464 2.1272146 1.7649660 2.0661196 1.9561616 1.9539847 2.1635376 2.0519917 2.0843284 2.2479740 2.0707345 1.9363382 2.0066497 2.2193747 1.5252228 1.1582657 1.8827041 1.8781078 1.8781078 1.6204050 1.7071218 0.6374586 1.8069004 0.7368031 1.1138330 1.6677972 0.0145942 0.0000000 0.0057772 1.5979604 1.5989781 3.4014806 
lcl|NC_021248.1_prot_YP_008004371.1_1 1.9617274 1.9843390 1.9462623 2.1598214 2.1564125 2.1324551 1.8539218 1.9651782 1.9215708 2.0329349 2.1853344 2.3778022 2.2875945 2.3109607 2.1831870 2.0237450 1.9689530 2.0210710 2.0969653 2.3014688 1.7824825 1.6817319 1.8234637 1.8494817 2.1630192 1.9135704 2.2116524 2.0002698 2.1188805 1.9908198 2.1354158 2.1059819 1.7417159 2.0538592 1.9306696 1.9279406 2.1429600 2.0250127 2.0788926 2.2337135 2.0577509 1.8961182 1.9648647 2.1755528 1.5022451 1.1496779 1.8577952 1.8514373 1.8514373 1.5979516 1.6832697 0.6302233 1.7809886 0.7287151 1.1019364 1.6449283 0.0145927 0.0057772 0.0000000 1.5757812 1.5767428 3.3173573 
lcl|NC_022646.1_prot_YP_008719960.1_1 1.5882726 1.5564836 1.6579168 1.7117983 1.6401606 1.7952975 1.5904640 1.6417605 1.6301542 1.7416234 1.7672872 1.8046474 1.7995344 1.6957718 1.7217034 1.5796390 1.6454613 1.6975864 2.0692033 1.7064209 1.8184065 1.5324779 1.7759784 1.6287046 1.6083299 1.5233032 1.6785478 1.6526995 1.6383642 1.5346354 1.6131671 1.5759359 1.4600786 1.5727335 1.5609321 1.6493333 1.5492470 1.7135782 1.8042091 1.6143555 1.6848425 1.6433850 1.6575113 1.9727557 1.2358693 1.6012308 1.6766053 1.3599742 1.3599742 1.3180194 1.3736720 1.5097717 0.8548226 1.7148940 1.5389995 1.0599861 1.5927365 1.5979604 1.5757812 0.0000000 0.0795483 2.5284630 
