53
lcl|NC_009011.2_prot_YP_001036360.1_1 0.0000000 1.8438256 1.8377980 1.6213272 2.0794686 1.2898126 2.3821060 2.4422036 2.8697206 2.7196207 2.8731000 2.7494656 2.9203112 2.5302964 2.5275865 2.0887168 2.3512671 2.8260139 2.9931680 3.0927149 2.9481975 2.4638856 2.5775435 2.7093730 3.0945409 3.4897503 3.0915221 3.2638176 2.2647925 2.8567959 2.8366548 2.8153555 3.4598576 2.6957790 2.9742599 2.8619170 2.8087456 3.0479156 2.4474229 2.7773804 2.8700975 2.8919763 2.8394688 2.9460204 3.6320743 3.0952291 4.1901548 3.4442350 2.8777278 3.4652251 2.9921594 2.8646710 2.8807555 
lcl|NC_023681.1_prot_YP_009011102.1_1 1.8438256 0.0000000 0.0071808 0.6051794 2.6397249 1.6749404 2.8901280 2.1391782 2.6943140 2.1524772 1.9959214 3.0443156 1.8716720 2.4822021 2.4811516 1.5976710 1.7477798 1.9989935 3.0981065 1.9916347 2.2992780 2.7749696 2.0965506 2.0122936 2.4547864 2.5969533 2.2642268 2.4193586 2.0263549 2.3639064 2.3485007 2.3588186 3.0982563 2.0617832 2.0374276 2.0801843 2.2457952 2.1175136 2.0719702 2.8287913 2.4737063 2.5059804 1.9639790 2.6625552 2.7424310 2.7025396 3.1959301 3.1042523 2.6855215 3.1042523 3.2705815 2.7378455 2.0075190 
lcl|NC_004117.1_prot_NP_689213.1_1    1.8377980 0.0071808 0.0000000 0.5904577 2.6315853 1.6737570 2.8880987 2.1292156 2.7356454 2.1229465 1.9710556 3.0070269 1.8800097 2.4594151 2.4583822 1.6255388 1.7777751 2.0090067 3.0574618 1.9882589 2.2991295 2.7379007 2.0898259 1.9923795 2.4246843 2.5997197 2.2640165 2.4129839 2.0646725 2.3638736 2.3484415 2.3536412 3.0982563 2.0326390 2.0471181 2.0797078 2.2168649 2.1170982 2.0405273 2.7939952 2.4412932 2.4733264 1.9361541 2.6630802 2.7829523 2.6683736 3.1971586 3.1016845 2.6576579 3.1016845 3.2938327 2.7030931 1.9784177 
lcl|NC_003529.1_prot_NP_613126.1_1    1.6213272 0.6051794 0.5904577 0.0000000 2.5257756 1.8190534 2.7054368 2.1121512 2.3778909 1.8642984 2.1436516 3.3133095 1.8975813 2.5759430 2.5914112 1.8389403 2.0897773 2.8218474 3.5909048 2.2138172 2.1726355 2.7611437 2.3298485 2.0947974 2.6902086 3.2595228 2.0541311 2.6002223 2.2126082 2.3149988 2.2988522 2.6045034 3.0486744 1.7705580 2.5406659 2.1406907 2.3939757 2.3723490 2.0412005 3.1138251 2.6559519 2.6482366 1.8577923 2.5595431 2.7425989 2.8430311 3.3228804 2.6529427 3.1141096 2.6529427 3.3563219 2.5908850 2.0153697 
lcl|NC_010276.1_prot_YP_001650936.1_1 2.0794686 2.6397249 2.6315853 2.5257756 0.0000000 2.5692369 3.0418534 2.9354993 2.6354170 2.3948231 3.8805224 3.0483351 3.3233677 2.3935637 2.3953600 2.6197426 2.5122832 3.7189157 3.0982669 3.4863334 3.0046630 3.4561044 3.1011799 2.3804565 3.0576595 3.5307810 2.8357782 3.3760863 2.6876195 3.1016309 3.0792424 3.1594248 3.2366033 2.7850812 3.1830653 3.2811012 3.0302024 4.0240344 3.1874456 3.9734698 3.0483948 3.0685723 3.0104672 2.9614618 3.1520896 3.3913883 3.2402959 3.9256772 3.0789469 3.9679610 4.7681771 3.5199082 2.8637824 
lcl|NC_002169.1_prot_NP_037828.1_1    1.2898126 1.6749404 1.6737570 1.8190534 2.5692369 0.0000000 2.5516201 3.4823956 2.4687445 1.6929392 2.2731409 2.5756807 2.0976911 2.5887266 2.5928304 2.1098800 2.1263226 2.1125549 3.0317150 2.1272624 2.1342710 2.4782644 2.5825542 1.7778055 2.6176100 2.6158317 2.1096233 2.9491904 2.1239947 2.1285205 2.1144224 2.3450694 2.9452963 2.5342629 2.6288673 2.2105931 2.3296468 2.2842285 2.4283035 3.0935844 2.5893935 2.6080953 2.7860400 2.5156886 3.0686887 2.3451646 3.1980489 2.7591643 2.7612090 2.7909848 2.8880883 2.1983781 2.7347434 
lcl|NC_008348.1_prot_YP_758370.1_1    2.3821060 2.8901280 2.8880987 2.7054368 3.0418534 2.5516201 0.0000000 2.9518929 2.8292485 2.3885110 2.7451450 1.7308070 2.5143076 2.8366812 2.8797406 2.2476708 2.0080319 2.8145355 1.4046619 2.6408327 2.9588686 3.1366335 2.9034443 2.4522673 3.3080676 2.7406087 2.8245773 3.1396043 2.4956724 2.7087949 2.6891221 2.5621077 3.5128167 2.7916069 2.9464536 2.9094660 3.5044318 2.8798717 3.2668530 4.0018938 2.9955144 3.0402104 2.8972342 2.6115592 3.2632456 2.9499712 3.7667137 3.4717022 3.8088068 3.4606228 2.8637713 2.2420213 2.9564176 
lcl|NC_038371.1_prot_YP_009505978.1_1 2.4422036 2.1391782 2.1292156 2.1121512 2.9354993 3.4823956 2.9518929 0.0000000 2.2273092 2.0369103 2.2422351 4.3161629 1.8001010 2.9413104 2.9378533 2.1356643 2.0606208 2.3302205 3.2306674 1.9293253 2.0151271 2.5091451 2.0401194 2.9569604 2.1719483 2.4309697 2.0503541 1.8462111 2.3848956 1.8360507 1.8846644 1.6731592 3.2740247 2.6245687 2.3252636 1.8069433 2.8560727 2.0003146 1.8871555 1.8209889 2.6595458 2.6656605 2.5585886 1.8219408 2.2601098 2.9314933 2.0491990 2.4961608 2.5292116 2.4928961 2.2687187 3.6218775 2.7758750 
lcl|NC_021246.1_prot_YP_008003665.1_1 2.8697206 2.6943140 2.7356454 2.3778909 2.6354170 2.4687445 2.8292485 2.2273092 0.0000000 0.3116936 1.8625276 2.7224867 1.5911332 3.0660250 3.0628894 1.6466343 1.6446366 2.5458227 3.2748869 1.7006151 2.5136885 2.6323558 1.5365581 1.4706752 2.3873555 2.2738696 2.5375871 1.4928258 1.6384547 2.5420047 2.5420047 3.2686244 2.1247751 2.0649789 2.2615352 2.6741895 2.1160795 3.0197830 2.4660407 2.8111423 2.3518896 2.4052358 2.4351833 3.2374488 2.4826258 2.2901192 2.9632993 2.0350250 1.8475696 2.0541735 2.2965665 2.6894114 2.3094420 
lcl|NC_021246.1_prot_YP_008003690.1_1 2.7196207 2.1524772 2.1229465 1.8642984 2.3948231 1.6929392 2.3885110 2.0369103 0.3116936 0.0000000 1.9089524 2.8882700 1.8975393 2.6986716 2.6951942 1.5635088 1.5977290 2.3239291 3.1912835 1.9123206 2.1621543 2.3785222 1.4215358 1.3413189 2.1366173 2.3848755 2.1025459 1.2339367 1.2117058 2.0864777 2.0864777 2.9888532 1.7213469 1.9540736 2.2610318 2.3677971 2.2018826 2.4726942 2.3081676 2.6395062 2.3911870 2.4159408 2.1984945 2.8183122 2.3382164 2.6592468 2.6929943 2.1783179 1.9625680 2.1994263 2.2961257 2.3864762 2.0510330 
lcl|NC_040606.1_prot_YP_009552186.1_1 2.8731000 1.9959214 1.9710556 2.1436516 3.8805224 2.2731409 2.7451450 2.2422351 1.8625276 1.9089524 0.0000000 3.3407580 1.5492649 3.1480687 3.1467016 1.7843266 1.7299782 1.9646996 3.4672107 1.6037596 2.0021078 2.2599794 2.4110606 2.4086186 2.1094052 2.0423506 1.9631035 2.6470330 2.0306798 2.2767185 2.2106539 2.2434135 3.1418455 2.0632371 2.4286992 2.1953857 3.3020709 2.3899829 1.6481523 1.9956948 2.8512182 2.9116882 2.2981920 2.0184945 1.9129766 2.6683274 2.3027806 2.1923659 2.0421059 2.2062055 2.3482477 2.1630340 2.3044306 
lcl|NC_008348.1_prot_YP_758369.1_1    2.7494656 3.0443156 3.0070269 3.3133095 3.0483351 2.5756807 1.7308070 4.3161629 2.7224867 2.8882700 3.3407580 0.0000000 2.7073706 2.9120898 2.9120898 3.0267205 2.9865780 3.0352956 1.3865228 2.8728689 3.1235312 3.0695349 3.0027290 2.9234272 3.7691569 3.2645225 3.0870037 3.7478815 3.3220442 3.1692169 3.1472267 2.9048953 3.7122867 2.9831286 3.0278540 3.1885302 4.1395225 3.5076650 3.7573484 3.4808770 3.8318613 3.9615650 3.4552844 3.2407659 3.7447841 3.5980604 4.2268524 3.1345887 3.1077162 3.1405695 3.3689974 3.0736514 3.2900128 
lcl|NC_002331.1_prot_NP_059168.1_1    2.9203112 1.8716720 1.8800097 1.8975813 3.3233677 2.0976911 2.5143076 1.8001010 1.5911332 1.8975393 1.5492649 2.7073706 0.0000000 3.2968425 3.2949673 1.3165560 1.1724463 1.5934970 2.4909074 0.1451322 1.7664435 1.9175881 2.3275509 2.1498499 1.6994769 1.6798172 1.8912968 2.1728878 1.8785040 1.7209958 1.7209958 1.8241935 2.6479069 2.2305884 1.7545674 1.6385858 2.6612844 2.0852110 2.2052546 2.2036455 2.2630289 2.2192054 2.2938785 2.2201265 1.5421785 2.2997172 2.6738589 2.0098520 2.4996070 2.0013041 2.1732914 2.0557802 2.3192895 
lcl|NC_003094.2_prot_NP_203638.1_1    2.5302964 2.4822021 2.4594151 2.5759430 2.3935637 2.5887266 2.8366812 2.9413104 3.0660250 2.6986716 3.1480687 2.9120898 3.2968425 0.0000000 0.0191140 2.8342924 2.8620359 3.2029471 2.5887956 3.3477761 3.3044222 3.1672151 2.7526806 2.1571040 4.6151055 3.2576817 3.1675304 2.7066865 2.8587831 2.9128675 2.8923946 2.2473911 2.8334371 2.7766101 3.3422361 3.2133105 3.6587751 3.6042757 2.3406896 3.6899574 3.2688755 3.3214738 2.8800153 3.0787973 2.8597893 3.4120063 4.0176336 3.0925149 2.8386655 3.1111076 4.7169135 2.7149890 2.8404662 
lcl|NC_002654.2_prot_NP_075152.1_1    2.5275865 2.4811516 2.4583822 2.5914112 2.3953600 2.5928304 2.8797406 2.9378533 3.0628894 2.6951942 3.1467016 2.9120898 3.2949673 0.0191140 0.0000000 2.8301711 2.8604654 3.1995898 2.5904956 3.3458469 3.2424193 3.1860466 2.7699070 2.1559287 4.6181971 3.2266669 3.1124012 2.7221902 2.8544671 2.9214590 2.9010428 2.2446153 2.7761517 2.7863043 3.3331442 3.2434455 3.6848365 3.6335014 2.3062673 3.6863543 3.2932651 3.3459609 2.8901423 3.0887568 2.8569466 3.4364204 3.9849748 3.1167430 2.8357147 3.1353677 4.6427996 2.7395945 2.8505121 
lcl|NC_010240.1_prot_YP_001649089.1_1 2.0887168 1.5976710 1.6255388 1.8389403 2.6197426 2.1098800 2.2476708 2.1356643 1.6466343 1.5635088 1.7843266 3.0267205 1.3165560 2.8342924 2.8301711 0.0000000 0.1046163 1.5579819 2.6643141 1.4565953 2.0621897 1.5750942 2.3262303 1.9372875 1.7952934 1.8463168 2.0156485 2.1584031 1.6765324 1.7557720 1.7557720 2.9444556 2.6134416 1.7818702 1.9931658 1.8736944 2.5357155 1.8660957 2.1000288 1.6379359 2.4744192 2.5079031 1.9286736 2.1165629 1.4776310 2.4619542 2.7331347 2.3114846 2.0204897 2.3267872 2.2834478 1.9358704 1.9807587 
lcl|NC_002331.1_prot_NP_059253.1_1    2.3512671 1.7477798 1.7777751 2.0897773 2.5122832 2.1263226 2.0080319 2.0606208 1.6446366 1.5977290 1.7299782 2.9865780 1.1724463 2.8620359 2.8604654 0.1046163 0.0000000 1.5688307 2.5403972 1.3053436 1.9662395 1.5601495 2.3413558 2.0223760 1.8002068 1.8427093 2.0358837 2.2739292 1.6482321 1.7060111 1.7060111 2.7673916 2.4654843 2.0961218 1.9325263 1.8118281 2.7236253 1.8032207 2.2003727 1.6616881 2.4847854 2.5203274 2.1420316 2.0861761 1.5349786 2.5727700 2.5862209 2.1396469 2.0377675 2.1541457 2.2770204 1.9026748 2.1898800 
lcl|NC_021923.1_prot_YP_008378277.1_1 2.8260139 1.9989935 2.0090067 2.8218474 3.7189157 2.1125549 2.8145355 2.3302205 2.5458227 2.3239291 1.9646996 3.0352956 1.5934970 3.2029471 3.1995898 1.5579819 1.5688307 0.0000000 2.9117987 1.5622490 2.2722231 2.2529787 2.2187973 2.9002285 1.9669202 2.1915315 2.3286566 2.4648631 2.2432867 2.2078507 2.2078507 2.5155234 2.8705622 2.5227380 2.0684383 2.2440232 3.1147982 2.4870206 1.9089290 1.8064084 2.8012969 2.8353176 2.7822820 2.2129104 1.8775047 3.0209860 3.1857699 2.0751121 1.9712847 2.0894506 1.8765920 2.4554150 2.8127831 
lcl|NC_033780.2_prot_YP_009345774.1_1 2.9931680 3.0981065 3.0574618 3.5909048 3.0982669 3.0317150 1.4046619 3.2306674 3.2748869 3.1912835 3.4672107 1.3865228 2.4909074 2.5887956 2.5904956 2.6643141 2.5403972 2.9117987 0.0000000 2.5505293 2.5396995 3.2746313 3.4864913 2.2910893 3.7836225 3.4240196 2.5641247 3.4477394 3.4109092 3.0720053 3.0504075 2.3053836 3.3341806 3.1317438 2.2019779 3.4029421 3.6024827 3.5333750 3.2293674 3.2404566 3.5677335 3.5694741 3.2460867 2.6518573 3.3033801 3.0772995 4.5367581 3.1125592 4.3814577 3.1034990 3.1242758 3.0411872 3.1574061 
lcl|NC_010240.1_prot_YP_001649001.1_1 3.0927149 1.9916347 1.9882589 2.2138172 3.4863334 2.1272624 2.6408327 1.9293253 1.7006151 1.9123206 1.6037596 2.8728689 0.1451322 3.3477761 3.3458469 1.4565953 1.3053436 1.5622490 2.5505293 0.0000000 1.7584225 1.8019407 2.1919569 2.3088840 1.8651333 1.6145565 1.8641741 2.1305852 2.0396719 1.6097969 1.6097969 1.9797606 2.7678324 2.4403994 1.9853015 1.6141132 2.9714480 2.1209413 2.4177594 2.1717036 2.2035529 2.1605911 2.4959810 2.2328742 1.6133494 2.4134252 2.7000635 2.1268884 2.4004011 2.1163699 2.2856001 2.2460079 2.6355515 
lcl|NC_001973.1_prot_NP_047666.1_1    2.9481975 2.2992780 2.2991295 2.1726355 3.0046630 2.1342710 2.9588686 2.0151271 2.5136885 2.1621543 2.0021078 3.1235312 1.7664435 3.3044222 3.2424193 2.0621897 1.9662395 2.2722231 2.5396995 1.7584225 0.0000000 2.1356170 2.8966270 2.8107325 1.9472776 2.3825565 0.1046799 3.0995277 1.9830469 0.8535381 0.8535381 2.5022055 2.7438630 2.4815254 1.1776471 0.8526051 2.8874120 0.9364634 2.3523892 2.1244225 2.6079926 2.6250957 2.5334432 0.6395675 2.0282124 2.5386031 1.4765447 2.2013351 3.0681065 2.2178390 2.3617852 3.0609904 2.6035572 
lcl|NC_026511.1_prot_YP_009121919.1_1 2.4638856 2.7749696 2.7379007 2.7611437 3.4561044 2.4782644 3.1366335 2.5091451 2.6323558 2.3785222 2.2599794 3.0695349 1.9175881 3.1672151 3.1860466 1.5750942 1.5601495 2.2529787 3.2746313 1.8019407 2.1356170 0.0000000 2.5100884 2.2477702 2.0094792 2.0015356 2.1130840 2.4621185 2.2751438 2.2323444 2.2172581 3.1662898 2.7803091 2.6494186 2.4716419 2.2654459 3.9147548 2.2337040 2.3784954 2.1418511 3.5868607 3.6463659 2.7492198 2.2475677 2.1952871 3.4977339 3.1511251 2.0463369 3.6105394 2.0840302 2.3436172 2.5761724 2.8702545 
lcl|NC_001623.1_prot_NP_054181.1_1    2.5775435 2.0965506 2.0898259 2.3298485 3.1011799 2.5825542 2.9034443 2.0401194 1.5365581 1.4215358 2.4110606 3.0027290 2.3275509 2.7526806 2.7699070 2.3262303 2.3413558 2.2187973 3.4864913 2.1919569 2.8966270 2.5100884 0.0000000 1.5440524 2.5187012 2.0911945 2.7657565 0.2745901 1.8418705 2.7333990 2.8122762 1.9938364 2.0677779 2.2072418 2.4440019 2.8148524 2.2918271 3.0474089 2.2815132 2.7989285 2.6416787 2.6186499 2.1758399 2.7740990 2.0456257 2.8265079 2.9486971 2.2487305 1.2515695 2.2490621 2.5545957 2.7834908 2.2529120 
lcl|NC_032255.1_prot_YP_009330219.1_1 2.7093730 2.0122936 1.9923795 2.0947974 2.3804565 1.7778055 2.4522673 2.9569604 1.4706752 1.3413189 2.4086186 2.9234272 2.1498499 2.1571040 2.1559287 1.9372875 2.0223760 2.9002285 2.2910893 2.3088840 2.8107325 2.2477702 1.5440524 0.0000000 2.3878209 1.8623901 2.4936058 1.7067164 2.4354387 2.2993590 2.2993590 2.6283538 1.7581602 1.9491008 2.0500587 2.3884189 2.5522147 2.8226796 2.1596999 2.8286172 2.4163420 2.4597539 2.2764389 2.4516016 2.5234294 2.7723737 2.7344067 2.8571130 2.0743160 2.9238719 3.1170183 2.1590095 2.1033873 
lcl|NC_038369.1_prot_YP_009505864.1_1 3.0945409 2.4547864 2.4246843 2.6902086 3.0576595 2.6176100 3.3080676 2.1719483 2.3873555 2.1366173 2.1094052 3.7691569 1.6994769 4.6151055 4.6181971 1.7952934 1.8002068 1.9669202 3.7836225 1.8651333 1.9472776 2.0094792 2.5187012 2.3878209 0.0000000 2.1751413 1.9479852 2.7805644 2.2545676 2.3392700 2.3190410 2.7225282 4.0369179 2.5424008 1.9922537 2.3919847 2.3393154 2.4488683 2.3107535 1.2410205 2.7785949 2.8245521 2.3109658 2.2585991 2.5810522 3.1393175 2.5247949 2.5680323 2.7724102 2.5845031 1.7478038 2.6763399 2.3649058 
lcl|NC_027923.1_prot_YP_009165663.1_1 3.4897503 2.5969533 2.5997197 3.2595228 3.5307810 2.6158317 2.7406087 2.4309697 2.2738696 2.3848755 2.0423506 3.2645225 1.6798172 3.2576817 3.2266669 1.8463168 1.8427093 2.1915315 3.4240196 1.6145565 2.3825565 2.0015356 2.0911945 1.8623901 2.1751413 0.0000000 2.3658900 2.2447514 1.8880408 2.2829668 2.3403105 2.8732542 3.7272398 2.3155001 2.1732598 2.3303757 3.2712933 2.8639976 2.1181834 2.3092471 3.0312310 3.0642632 2.4979380 2.2036775 2.5575459 2.8064777 2.7099241 2.1700431 2.5344196 2.1673386 2.6442147 2.6452421 2.4556763 
lcl|NC_013953.1_prot_YP_003517767.1_1 3.0915221 2.2642268 2.2640165 2.0541311 2.8357782 2.1096233 2.8245773 2.0503541 2.5375871 2.1025459 1.9631035 3.0870037 1.8912968 3.1675304 3.1124012 2.0156485 2.0358837 2.3286566 2.5641247 1.8641741 0.1046799 2.1130840 2.7657565 2.4936058 1.9479852 2.3658900 0.0000000 3.0775875 1.8902541 0.7843515 0.7843515 2.3311342 2.8251808 2.3728084 1.1628023 0.8178808 2.9100194 0.9147829 2.2288380 2.1980159 2.5891070 2.6068055 2.4616777 0.5849094 2.1686485 2.6522370 1.4308862 2.2075668 3.2980938 2.2239329 2.4228699 3.0696897 2.5469612 
lcl|NC_001962.1_prot_NP_047547.1_1    3.2638176 2.4193586 2.4129839 2.6002223 3.3760863 2.9491904 3.1396043 1.8462111 1.4928258 1.2339367 2.6470330 3.7478815 2.1728878 2.7066865 2.7221902 2.1584031 2.2739292 2.4648631 3.4477394 2.1305852 3.0995277 2.4621185 0.2745901 1.7067164 2.7805644 2.2447514 3.0775875 0.0000000 1.6252551 2.9726743 3.0580374 2.2826243 2.1239462 2.3871962 2.5375926 3.0358146 2.5693194 3.2226727 2.1582608 2.8179236 2.9050709 2.8831386 2.3607705 3.0250617 2.1580288 3.0290420 2.9593468 2.4647255 1.3416774 2.4618036 3.0967872 3.0310625 2.4046045 
lcl|NC_012639.1_prot_YP_002854694.1_1 2.2647925 2.0263549 2.0646725 2.2126082 2.6876195 2.1239947 2.4956724 2.3848956 1.6384547 1.2117058 2.0306798 3.3220442 1.8785040 2.8587831 2.8544671 1.6765324 1.6482321 2.2432867 3.4109092 2.0396719 1.9830469 2.2751438 1.8418705 2.4354387 2.2545676 1.8880408 1.8902541 1.6252551 0.0000000 1.8699123 1.8699123 3.3306828 2.7095535 1.9354770 1.8842277 1.9025185 3.2428126 1.9036603 2.6276933 2.3414453 3.0172004 3.0967525 2.2011300 2.5084742 2.3834446 2.9134093 2.6928294 2.6740581 2.1408103 2.6699305 2.2760481 2.6865194 2.0371132 
lcl|NC_008520.2_prot_YP_803502.1_1    2.8567959 2.3639064 2.3638736 2.3149988 3.1016309 2.1285205 2.7087949 1.8360507 2.5420047 2.0864777 2.2767185 3.1692169 1.7209958 2.9128675 2.9214590 1.7557720 1.7060111 2.2078507 3.0720053 1.6097969 0.8535381 2.2323444 2.7333990 2.2993590 2.3392700 2.2829668 0.7843515 2.9726743 1.8699123 0.0000000 0.0103382 2.1899626 2.9664906 2.1603769 1.3967294 0.1987044 2.6366989 0.5301353 2.5284281 2.3760121 2.3055324 2.3206428 2.3842170 0.9146941 2.1331954 2.2720560 1.7678271 2.2221193 3.1304334 2.2381849 2.2669622 2.2372021 2.5189488 
lcl|NC_031761.1_prot_YP_009316069.1_1 2.8366548 2.3485007 2.3484415 2.2988522 3.0792424 2.1144224 2.6891221 1.8846644 2.5420047 2.0864777 2.2106539 3.1472267 1.7209958 2.8923946 2.9010428 1.7557720 1.7060111 2.2078507 3.0504075 1.6097969 0.8535381 2.2172581 2.8122762 2.2993590 2.3190410 2.3403105 0.7843515 3.0580374 1.8699123 0.0103382 0.0000000 2.1899626 2.9446841 2.1603769 1.3815763 0.2121004 2.6366989 0.5195178 2.5284281 2.3533531 2.3055324 2.3206428 2.3842170 0.9146941 2.1331954 2.2720560 1.7685966 2.2799097 3.2406267 2.2966383 2.2669622 2.2372021 2.5189488 
lcl|NC_038369.1_prot_YP_009505863.1_1 2.8153555 2.3588186 2.3536412 2.6045034 3.1594248 2.3450694 2.5621077 1.6731592 3.2686244 2.9888532 2.2434135 2.9048953 1.8241935 2.2473911 2.2446153 2.9444556 2.7673916 2.5155234 2.3053836 1.9797606 2.5022055 3.1662898 1.9938364 2.6283538 2.7225282 2.8732542 2.3311342 2.2826243 3.3306828 2.1899626 2.1899626 0.0000000 3.1090046 3.1471833 2.5106102 2.3687816 3.2821713 2.4891061 2.2334432 2.6705785 2.9904831 2.9548376 2.8686766 2.4300420 2.0951295 2.9321050 2.6279115 2.9339965 2.7813793 2.9556885 2.5519530 3.0112912 2.9752279 
lcl|NC_029304.1_prot_YP_009229935.1_1 3.4598576 3.0982563 3.0982563 3.0486744 3.2366033 2.9452963 3.5128167 3.2740247 2.1247751 1.7213469 3.1418455 3.7122867 2.6479069 2.8334371 2.7761517 2.6134416 2.4654843 2.8705622 3.3341806 2.7678324 2.7438630 2.7803091 2.0677779 1.7581602 4.0369179 3.7272398 2.8251808 2.1239462 2.7095535 2.9664906 2.9446841 3.1090046 0.0000000 2.4632272 3.3529172 3.0007362 3.0253278 3.1340998 2.4867230 4.1468631 2.8706065 2.8883970 2.6710879 2.9705958 2.9423862 3.2179278 4.1430111 2.4594679 2.5023331 2.5118078 3.5555270 3.0792969 2.6092712 
lcl|NC_008725.1_prot_YP_950843.1_1    2.6957790 2.0617832 2.0326390 1.7705580 2.7850812 2.5342629 2.7916069 2.6245687 2.0649789 1.9540736 2.0632371 2.9831286 2.2305884 2.7766101 2.7863043 1.7818702 2.0961218 2.5227380 3.1317438 2.4403994 2.4815254 2.6494186 2.2072418 1.9491008 2.5424008 2.3155001 2.3728084 2.3871962 1.9354770 2.1603769 2.1603769 3.1471833 2.4632272 0.0000000 2.5469953 2.0965717 1.4899132 2.1022789 2.2560026 2.4093267 1.6015817 1.6033633 0.3922846 2.5035356 3.1792528 1.7769726 3.1733463 2.9965495 2.0742017 2.9966762 3.1858742 2.1870005 0.3304599 
lcl|NC_008035.3_prot_YP_611017.1_1    2.9742599 2.0374276 2.0471181 2.5406659 3.1830653 2.6288673 2.9464536 2.3252636 2.2615352 2.2610318 2.4286992 3.0278540 1.7545674 3.3422361 3.3331442 1.9931658 1.9325263 2.0684383 2.2019779 1.9853015 1.1776471 2.4716419 2.4440019 2.0500587 1.9922537 2.1732598 1.1628023 2.5375926 1.8842277 1.3967294 1.3815763 2.5106102 3.3529172 2.5469953 0.0000000 1.3263069 3.0395780 1.6046820 2.6067322 2.1590534 2.8388425 2.8643765 2.6024699 1.2437789 2.0473288 2.7523140 2.1546172 2.2533218 3.0180516 2.2687374 2.0043205 2.4610457 2.6465822 
lcl|NC_005137.2_prot_NP_932713.1_1    2.8619170 2.0801843 2.0797078 2.1406907 3.2811012 2.2105931 2.9094660 1.8069433 2.6741895 2.3677971 2.1953857 3.1885302 1.6385858 3.2133105 3.2434455 1.8736944 1.8118281 2.2440232 3.4029421 1.6141132 0.8526051 2.2654459 2.8148524 2.3884189 2.3919847 2.3303757 0.8178808 3.0358146 1.9025185 0.1987044 0.2121004 2.3687816 3.0007362 2.0965717 1.3263069 0.0000000 2.3074192 0.3767915 2.5166597 2.2930424 2.1779828 2.1919380 2.2513474 0.9287633 2.2538449 2.1776030 1.6666641 2.1897603 3.2494357 2.2048453 2.2454427 2.1575815 2.4249807 
lcl|NC_004062.1_prot_NP_663173.1_1    2.8087456 2.2457952 2.2168649 2.3939757 3.0302024 2.3296468 3.5044318 2.8560727 2.1160795 2.2018826 3.3020709 4.1395225 2.6612844 3.6587751 3.6848365 2.5357155 2.7236253 3.1147982 3.6024827 2.9714480 2.8874120 3.9147548 2.2918271 2.5522147 2.3393154 3.2712933 2.9100194 2.5693194 3.2428126 2.6366989 2.6366989 3.2821713 3.0253278 1.4899132 3.0395780 2.3074192 0.0000000 2.5959904 3.0853754 3.0539114 0.6075096 0.5973453 1.6205619 3.1127801 3.6416724 0.7273665 3.7977315 3.8866232 2.8186516 3.8870312 2.8022303 2.7337997 1.5653947 
lcl|NC_026430.1_prot_YP_009118524.1_1 3.0479156 2.1175136 2.1170982 2.3723490 4.0240344 2.2842285 2.8798717 2.0003146 3.0197830 2.4726942 2.3899829 3.5076650 2.0852110 3.6042757 3.6335014 1.8660957 1.8032207 2.4870206 3.5333750 2.1209413 0.9364634 2.2337040 3.0474089 2.8226796 2.4488683 2.8639976 0.9147829 3.2226727 1.9036603 0.5301353 0.5195178 2.4891061 3.1340998 2.1022789 1.6046820 0.3767915 2.5959904 0.0000000 2.7161077 2.5117660 2.3563706 2.3718574 2.2409453 1.0552636 2.5319765 2.4129421 1.6588857 2.6084338 3.7345456 2.6349171 2.5687680 2.4400889 2.3808355 
lcl|NC_025257.1_prot_YP_009091880.1_1 2.4474229 2.0719702 2.0405273 2.0412005 3.1874456 2.4283035 3.2668530 1.8871555 2.4660407 2.3081676 1.6481523 3.7573484 2.2052546 2.3406896 2.3062673 2.1000288 2.2003727 1.9089290 3.2293674 2.4177594 2.3523892 2.3784954 2.2815132 2.1596999 2.3107535 2.1181834 2.2288380 2.1582608 2.6276933 2.5284281 2.5284281 2.2334432 2.4867230 2.2560026 2.6067322 2.5166597 3.0853754 2.7161077 0.0000000 2.5161645 2.7377167 2.7893289 2.2733069 2.2226236 2.7110759 2.8323691 2.6612800 2.5020165 2.0921719 2.5208626 2.1543094 2.5069178 2.4529244 
lcl|NC_009503.1_prot_YP_001256980.1_1 2.7773804 2.8287913 2.7939952 3.1138251 3.9734698 3.0935844 4.0018938 1.8209889 2.8111423 2.6395062 1.9956948 3.4808770 2.2036455 3.6899574 3.6863543 1.6379359 1.6616881 1.8064084 3.2404566 2.1717036 2.1244225 2.1418511 2.7989285 2.8286172 1.2410205 2.3092471 2.1980159 2.8179236 2.3414453 2.3760121 2.3533531 2.6705785 4.1468631 2.4093267 2.1590534 2.2930424 3.0539114 2.5117660 2.5161645 0.0000000 3.1158934 3.1703678 2.1937265 2.5959648 2.0145050 2.8546626 2.2312654 2.3481214 2.3791643 2.3637307 1.9891688 2.7158479 2.3302488 
lcl|NC_015398.1_prot_YP_004376216.1_1 2.8700975 2.4737063 2.4412932 2.6559519 3.0483948 2.5893935 2.9955144 2.6595458 2.3518896 2.3911870 2.8512182 3.8318613 2.2630289 3.2688755 3.2932651 2.4744192 2.4847854 2.8012969 3.5677335 2.2035529 2.6079926 3.5868607 2.6416787 2.4163420 2.7785949 3.0312310 2.5891070 2.9050709 3.0172004 2.3055324 2.3055324 2.9904831 2.8706065 1.6015817 2.8388425 2.1779828 0.6075096 2.3563706 2.7377167 3.1158934 0.0000000 0.0272724 1.6882156 2.7676687 3.3629148 0.4582914 3.5569816 3.4067240 3.0644262 3.4069298 2.9477204 2.7216346 1.6993789 
lcl|NC_022646.1_prot_YP_008719956.1_1 2.8919763 2.5059804 2.4733264 2.6482366 3.0685723 2.6080953 3.0402104 2.6656605 2.4052358 2.4159408 2.9116882 3.9615650 2.2192054 3.3214738 3.3459609 2.5079031 2.5203274 2.8353176 3.5694741 2.1605911 2.6250957 3.6463659 2.6186499 2.4597539 2.8245521 3.0642632 2.6068055 2.8831386 3.0967525 2.3206428 2.3206428 2.9548376 2.8883970 1.6033633 2.8643765 2.1919380 0.5973453 2.3718574 2.7893289 3.1703678 0.0272724 0.0000000 1.6900273 2.7853278 3.3615262 0.4463324 3.5787573 3.4688606 2.9784233 3.4690863 2.9862837 2.7567836 1.7012060 
lcl|NC_008035.3_prot_YP_610982.1_1    2.8394688 1.9639790 1.9361541 1.8577923 3.0104672 2.7860400 2.8972342 2.5585886 2.4351833 2.1984945 2.2981920 3.4552844 2.2938785 2.8800153 2.8901423 1.9286736 2.1420316 2.7822820 3.2460867 2.4959810 2.5334432 2.7492198 2.1758399 2.2764389 2.3109658 2.4979380 2.4616777 2.3607705 2.2011300 2.3842170 2.3842170 2.8686766 2.6710879 0.3922846 2.6024699 2.2513474 1.6205619 2.2409453 2.2733069 2.1937265 1.6882156 1.6900273 0.0000000 2.6333807 3.1494650 1.7638484 3.4690738 3.1748445 1.9851028 3.1749855 2.9400148 2.2403902 0.1400324 
lcl|NC_001875.2_prot_NP_046266.1_1    2.9460204 2.6625552 2.6630802 2.5595431 2.9614618 2.5156886 2.6115592 1.8219408 3.2374488 2.8183122 2.0184945 3.2407659 2.2201265 3.0787973 3.0887568 2.1165629 2.0861761 2.2129104 2.6518573 2.2328742 0.6395675 2.2475677 2.7740990 2.4516016 2.2585991 2.2036775 0.5849094 3.0250617 2.5084742 0.9146941 0.9146941 2.4300420 2.9705958 2.5035356 1.2437789 0.9287633 3.1127801 1.0552636 2.2226236 2.5959648 2.7676687 2.7853278 2.6333807 0.0000000 2.3557330 2.9469931 1.5150529 2.2280435 3.1148643 2.2436023 2.3645963 2.6954266 2.7264728 
lcl|NC_029996.1_prot_YP_009249857.1_1 3.6320743 2.7424310 2.7829523 2.7425989 3.1520896 3.0686887 3.2632456 2.2601098 2.4826258 2.3382164 1.9129766 3.7447841 1.5421785 2.8597893 2.8569466 1.4776310 1.5349786 1.8775047 3.3033801 1.6133494 2.0282124 2.1952871 2.0456257 2.5234294 2.5810522 2.5575459 2.1686485 2.1580288 2.3834446 2.1331954 2.1331954 2.0951295 2.9423862 3.1792528 2.0473288 2.2538449 3.6416724 2.5319765 2.7110759 2.0145050 3.3629148 3.3615262 3.1494650 2.3557330 0.0000000 3.3437112 2.9046530 1.7213084 2.5284000 1.7344201 2.7544951 2.6701972 3.3818447 
lcl|NC_032255.1_prot_YP_009330140.1_1 3.0952291 2.7025396 2.6683736 2.8430311 3.3913883 2.3451646 2.9499712 2.9314933 2.2901192 2.6592468 2.6683274 3.5980604 2.2997172 3.4120063 3.4364204 2.4619542 2.5727700 3.0209860 3.0772995 2.4134252 2.5386031 3.4977339 2.8265079 2.7723737 3.1393175 2.8064777 2.6522370 3.0290420 2.9134093 2.2720560 2.2720560 2.9321050 3.2179278 1.7769726 2.7523140 2.1776030 0.7273665 2.4129421 2.8323691 2.8546626 0.4582914 0.4463324 1.7638484 2.9469931 3.3437112 0.0000000 3.7467976 3.0032458 2.9313915 3.0033736 2.8729273 2.8144509 1.8883401 
lcl|NC_007767.1_prot_YP_473233.1_1    4.1901548 3.1959301 3.1971586 3.3228804 3.2402959 3.1980489 3.7667137 2.0491990 2.9632993 2.6929943 2.3027806 4.2268524 2.6738589 4.0176336 3.9849748 2.7331347 2.5862209 3.1857699 4.5367581 2.7000635 1.4765447 3.1511251 2.9486971 2.7344067 2.5247949 2.7099241 1.4308862 2.9593468 2.6928294 1.7678271 1.7685966 2.6279115 4.1430111 3.1733463 2.1546172 1.6666641 3.7977315 1.6588857 2.6612800 2.2312654 3.5569816 3.5787573 3.4690738 1.5150529 2.9046530 3.7467976 0.0000000 3.3739875 3.5772863 3.3741461 2.7327658 3.0934683 3.3482593 
lcl|NC_038375.1_prot_YP_009506191.1_1 3.4442350 3.1042523 3.1016845 2.6529427 3.9256772 2.7591643 3.4717022 2.4961608 2.0350250 2.1783179 2.1923659 3.1345887 2.0098520 3.0925149 3.1167430 2.3114846 2.1396469 2.0751121 3.1125592 2.1268884 2.2013351 2.0463369 2.2487305 2.8571130 2.5680323 2.1700431 2.2075668 2.4647255 2.6740581 2.2221193 2.2799097 2.9339965 2.4594679 2.9965495 2.2533218 2.1897603 3.8866232 2.6084338 2.5020165 2.3481214 3.4067240 3.4688606 3.1748445 2.2280435 1.7213084 3.0032458 3.3739875 0.0000000 3.1308780 0.0094308 2.4504897 2.5477189 3.3330593 
lcl|NC_019945.1_prot_YP_007250553.1_1 2.8777278 2.6855215 2.6576579 3.1141096 3.0789469 2.7612090 3.8088068 2.5292116 1.8475696 1.9625680 2.0421059 3.1077162 2.4996070 2.8386655 2.8357147 2.0204897 2.0377675 1.9712847 4.3814577 2.4004011 3.0681065 3.6105394 1.2515695 2.0743160 2.7724102 2.5344196 3.2980938 1.3416774 2.1408103 3.1304334 3.2406267 2.7813793 2.5023331 2.0742017 3.0180516 3.2494357 2.8186516 3.7345456 2.0921719 2.3791643 3.0644262 2.9784233 1.9851028 3.1148643 2.5284000 2.9313915 3.5772863 3.1308780 0.0000000 3.1503582 2.7298346 2.0228720 1.9400079 
lcl|NC_013772.1_prot_YP_003422470.1_1 3.4652251 3.1042523 3.1016845 2.6529427 3.9679610 2.7909848 3.4606228 2.4928961 2.0541735 2.1994263 2.2062055 3.1405695 2.0013041 3.1111076 3.1353677 2.3267872 2.1541457 2.0894506 3.1034990 2.1163699 2.2178390 2.0840302 2.2490621 2.9238719 2.5845031 2.1673386 2.2239329 2.4618036 2.6699305 2.2381849 2.2966383 2.9556885 2.5118078 2.9966762 2.2687374 2.2048453 3.8870312 2.6349171 2.5208626 2.3637307 3.4069298 3.4690863 3.1749855 2.2436023 1.7344201 3.0033736 3.3741461 0.0094308 3.1503582 0.0000000 2.4676504 2.5648755 3.3332321 
lcl|NC_003102.1_prot_NP_258290.1_1    2.9921594 3.2705815 3.2938327 3.3563219 4.7681771 2.8880883 2.8637713 2.2687187 2.2965665 2.2961257 2.3482477 3.3689974 2.1732914 4.7169135 4.6427996 2.2834478 2.2770204 1.8765920 3.1242758 2.2856001 2.3617852 2.3436172 2.5545957 3.1170183 1.7478038 2.6442147 2.4228699 3.0967872 2.2760481 2.2669622 2.2669622 2.5519530 3.5555270 3.1858742 2.0043205 2.2454427 2.8022303 2.5687680 2.1543094 1.9891688 2.9477204 2.9862837 2.9400148 2.3645963 2.7544951 2.8729273 2.7327658 2.4504897 2.7298346 2.4676504 0.0000000 2.2642587 3.0396339 
lcl|NC_008586.1_prot_YP_874246.1_1    2.8646710 2.7378455 2.7030931 2.5908850 3.5199082 2.1983781 2.2420213 3.6218775 2.6894114 2.3864762 2.1630340 3.0736514 2.0557802 2.7149890 2.7395945 1.9358704 1.9026748 2.4554150 3.0411872 2.2460079 3.0609904 2.5761724 2.7834908 2.1590095 2.6763399 2.6452421 3.0696897 3.0310625 2.6865194 2.2372021 2.2372021 3.0112912 3.0792969 2.1870005 2.4610457 2.1575815 2.7337997 2.4400889 2.5069178 2.7158479 2.7216346 2.7567836 2.2403902 2.6954266 2.6701972 2.8144509 3.0934683 2.5477189 2.0228720 2.5648755 2.2642587 0.0000000 2.2285302 
lcl|NC_026430.1_prot_YP_009118495.1_1 2.8807555 2.0075190 1.9784177 2.0153697 2.8637824 2.7347434 2.9564176 2.7758750 2.3094420 2.0510330 2.3044306 3.2900128 2.3192895 2.8404662 2.8505121 1.9807587 2.1898800 2.8127831 3.1574061 2.6355515 2.6035572 2.8702545 2.2529120 2.1033873 2.3649058 2.4556763 2.5469612 2.4046045 2.0371132 2.5189488 2.5189488 2.9752279 2.6092712 0.3304599 2.6465822 2.4249807 1.5653947 2.3808355 2.4529244 2.3302488 1.6993789 1.7012060 0.1400324 2.7264728 3.3818447 1.8883401 3.3482593 3.3330593 1.9400079 3.3332321 3.0396339 2.2285302 0.0000000 
