75
lcl|NC_009011.2_prot_YP_001036420.1_1 0.0000000 1.1271975 1.2563920 0.6105365 1.1153072 1.4266966 1.0084540 1.0211755 0.9809810 1.3579707 1.4396211 2.0266454 1.9399575 1.3326856 1.4128257 1.9732288 0.6463663 2.6994577 2.0407932 2.0544912 2.1785272 2.0797055 1.7030885 1.8231421 3.1562788 2.6447562 2.7595730 1.8719718 2.7988724 2.8016495 3.2583154 1.4451473 2.0261646 3.0106403 1.7839470 2.5477189 3.0668389 2.6404228 2.2210402 2.2681299 2.1853665 2.2900558 3.8792450 2.5976433 2.5671852 4.0185973 2.1883322 2.3847286 3.7294524 2.0696342 2.8590274 4.4947337 4.0068033 3.3509704 4.5873267 3.2693276 4.2036175 3.3354390 4.7607726 4.6128910 4.3064636 3.6002696 4.8412225 4.2330832 4.1560506 4.2203797 4.3529306 4.1091863 3.7657713 5.3749207 4.1664896 3.5380004 2.5844846 4.7675358 2.5436045 
lcl|NC_025960.1_prot_YP_009112698.1_1 1.1271975 0.0000000 0.7222239 0.9528402 0.1849137 1.3023998 0.7372239 0.7486989 0.7184932 1.2050306 1.1702331 1.9992406 2.0171781 1.1166997 1.2599659 1.9738801 0.9255984 2.7566789 1.8525551 1.9057303 2.2522917 1.8818365 1.7567858 1.5295887 3.4684412 2.7639480 2.7321140 2.0387525 2.3325250 2.9688583 3.4012024 1.8057017 1.9502539 3.3823417 1.7088516 2.8085496 3.1035886 2.6443045 2.2034006 2.5000573 2.3341832 2.6297498 3.6511677 2.9522563 2.6430052 3.8412895 2.3053585 2.4199312 3.7923151 2.1929177 2.9185473 4.5210015 3.7221126 2.9097363 4.4601769 3.1439588 4.1265885 3.1793316 4.1904024 4.0302786 4.0918428 3.4998949 4.0881796 4.7631463 4.0201164 3.3320942 4.0833329 3.7176746 3.8713223 4.8533930 3.8899505 4.3295823 2.8184370 4.5748338 2.8770058 
lcl|NC_007921.1_prot_YP_529810.1_1    1.2563920 0.7222239 0.0000000 0.8966221 0.6029959 0.9834155 0.6328430 0.6972358 0.6403410 1.1363302 0.9241794 1.7196989 1.6536125 1.1713757 0.8176811 1.8555087 0.9599310 2.7894185 1.7615720 1.9425325 2.4501395 1.7645196 1.5730121 1.4697905 3.2786035 2.9406225 2.7310104 2.1807203 2.5080295 2.4301732 3.5505346 1.7976171 1.9415411 3.5048147 1.5738160 3.3774104 3.4438468 2.6266771 2.0519756 2.8478021 2.4859241 2.9505077 3.8167211 3.3750671 2.1672942 4.0025676 2.3439307 2.7684832 4.0218974 2.2221436 2.4089269 4.7528393 3.5730695 2.6075725 4.6169921 2.8852123 4.0099381 3.3501178 4.3010217 4.1288301 4.2129864 4.0783960 4.3942455 5.4434183 3.9876221 3.8840633 4.0887975 4.4197985 3.4989705 5.2844212 4.3525704 4.5589214 3.2090722 4.8548551 2.9489864 
lcl|NC_011616.1_prot_YP_002332829.1_1 0.6105365 0.9528402 0.8966221 0.0000000 0.9431035 1.2885402 0.8686822 0.8700016 0.8508242 1.0957162 1.1989610 2.0782039 1.8754046 1.1917070 1.2347156 1.8599938 0.4508853 2.5569365 1.8668564 1.9547461 2.2948852 2.3416160 1.4651034 1.8161079 2.6666655 2.5643708 2.5923366 2.1107278 2.8323033 2.9832934 3.0478886 1.6037480 1.6581903 2.8536632 1.9617819 2.5896997 2.7134382 2.5601511 2.2931377 2.3577571 2.2675066 2.5297525 3.6124876 2.6981111 2.8572397 3.7743778 2.1634557 2.2199797 4.1215640 2.2758775 2.6416170 4.7408452 3.9494089 3.1545267 4.8077456 2.8263367 4.3129730 3.6741807 4.4142661 4.2218287 4.6036411 3.6401724 4.4829944 4.5901070 4.2638155 3.8115275 4.8146485 4.2240811 3.8418414 5.1275465 4.6536478 4.0324641 2.5721905 4.8538147 2.5502496 
lcl|NC_011345.1_prot_YP_002268177.1_1 1.1153072 0.1849137 0.6029959 0.9431035 0.0000000 1.2713360 0.7101019 0.7275941 0.6917592 1.0041831 1.1069613 1.8655397 1.9018432 1.1460255 1.2693819 1.9013100 0.9686035 2.6634421 1.7028438 1.8174507 2.0885513 1.7837768 1.6672092 1.5508260 3.2509614 2.8013307 2.6390212 2.1375279 2.4432057 3.0307950 3.3443044 1.5770353 1.8525919 3.1921971 1.7383852 2.8061837 2.9344186 2.5952018 2.2883951 2.1830490 2.4284713 2.6041435 3.6913021 2.8597101 2.5339854 3.6208348 2.2082305 2.4297078 3.9334792 2.2371030 2.8728018 4.5477198 3.7511023 2.8655235 4.0255519 2.8873817 3.7601649 3.1719282 4.1096599 3.9655114 3.7097222 3.4924881 3.7832510 4.6463724 3.6548747 3.4384116 4.0120011 3.8818302 3.7990957 4.3985036 4.0517940 4.2283099 2.7342858 4.2882830 2.8379865 
lcl|NC_007383.1_prot_YP_308910.1_1    1.4266966 1.3023998 0.9834155 1.2885402 1.2713360 0.0000000 1.0168325 1.0414266 1.0062838 1.2465056 0.1815211 1.8387977 1.7820869 1.4745818 0.1472864 1.8138678 1.1938408 3.2883075 1.5702314 1.8368017 2.0714790 1.8412826 1.8189554 1.7460391 3.4773916 3.1843712 3.3115290 2.0004053 2.5917342 2.4912252 3.8083031 2.1144837 1.9408618 3.6357784 1.9244603 3.8735847 3.8342900 3.0193735 2.3905683 3.1248596 2.4196171 3.6458505 4.1426721 3.8986900 2.2819807 4.5158733 2.0798664 2.9732077 3.5988666 2.5310575 2.3254318 4.0204532 3.3679580 2.7405440 4.5047371 3.1488456 3.8831102 3.5541060 4.0882934 3.9297770 3.6952420 3.1387189 3.8880023 4.1979148 4.0570525 3.2132205 3.4416612 3.7269902 3.2457559 4.9163429 3.9693301 4.3347706 3.8210895 4.7285331 3.1175787 
lcl|NC_004117.1_prot_NP_689329.1_1    1.0084540 0.7372239 0.6328430 0.8686822 0.7101019 1.0168325 0.0000000 0.0585615 0.0142063 0.6936048 0.9837003 1.6642093 1.3960524 0.9926675 1.0087166 1.5790449 0.7376266 2.3297694 1.5900190 1.5611922 2.1318222 1.5141031 1.5783909 1.3969954 2.5315193 2.3317296 2.2812654 1.8428174 2.6694095 2.7509201 2.7840961 1.6566752 1.5156940 2.6228470 1.4256512 2.7748210 2.4016737 2.1883892 1.6205405 2.0324648 2.2753141 2.8067733 4.3449162 2.7850058 1.9647414 5.0408997 1.7745333 2.3985215 3.8505756 1.9228345 2.4644362 4.8119246 3.9906210 2.8722698 4.8662523 2.4848449 4.3123077 3.7428905 3.8920414 3.4764380 4.4761387 3.3716549 4.7578355 5.1239353 4.2235839 3.9257615 4.5004260 4.2743688 3.8297295 5.6190561 4.8258305 4.1082318 2.4816322 4.2322165 2.1142666 
lcl|NC_003529.1_prot_NP_613239.1_1    1.0211755 0.7486989 0.6972358 0.8700016 0.7275941 1.0414266 0.0585615 0.0000000 0.0434779 0.6523005 0.9714950 1.7520093 1.5211371 0.9396620 1.0252125 1.6514646 0.7317775 2.3532961 1.6083840 1.6329513 2.1800381 1.5573431 1.6226159 1.3560703 2.6849692 2.3893524 2.3046379 1.8487139 2.7276256 2.7056379 2.9610989 1.7383363 1.4850105 2.8358436 1.4325012 2.8080312 2.5819632 2.2175403 1.5638382 2.0739778 2.3528022 2.9275073 4.4600131 2.8483677 1.9552942 5.1721937 1.8193631 2.4648331 3.9387412 1.7998192 2.4180028 4.9175619 4.0135686 2.9064921 4.8664396 2.4924930 4.3537073 3.7247544 3.8955211 3.4796305 4.5431238 3.3578402 4.8227602 5.1287941 4.2635630 4.0079998 4.5671825 4.3733992 3.9116921 5.7337312 4.8306569 4.1088255 2.5154008 4.2984836 2.1979988 
lcl|NC_023681.1_prot_YP_009011210.1_1 0.9809810 0.7184932 0.6403410 0.8508242 0.6917592 1.0062838 0.0142063 0.0434779 0.0000000 0.6640387 0.9733421 1.6612073 1.4298531 0.9664430 0.9979067 1.5615431 0.7215442 2.3678491 1.6013313 1.5439231 2.1417558 1.5225045 1.5471377 1.3452000 2.6055650 2.3919633 2.3186532 1.8428174 2.6571268 2.7126259 2.8265718 1.6537371 1.4933251 2.7047121 1.3905855 2.8538344 2.4691639 2.2231552 1.5953874 2.0795301 2.3275613 2.8894707 4.3449162 2.8654468 1.9450046 5.0408997 1.7421075 2.4542819 3.8505756 1.8930309 2.4644362 4.8119246 3.9906210 2.8339829 4.8662523 2.4144629 4.3123077 3.7171584 3.8920414 3.4764380 4.4761387 3.4264522 4.7578355 5.1239353 4.2235839 3.9257615 4.5004260 4.2743688 3.8297295 5.6190561 4.8258305 4.1082318 2.5533145 4.2322165 2.2003892 
lcl|NC_043530.1_prot_YP_009666797.1_1 1.3579707 1.2050306 1.1363302 1.0957162 1.0041831 1.2465056 0.6936048 0.6523005 0.6640387 0.0000000 1.2569105 2.0343856 1.6527293 1.2325131 1.2085783 1.8443678 1.0534495 2.7137869 1.5905450 1.8804055 2.3016622 1.8778942 1.9339568 1.5066504 3.4379029 3.1086866 2.6644151 2.0218723 3.2266649 2.8544959 3.1994713 1.9333711 1.8092741 3.3072074 1.8464089 3.3838792 3.3444112 2.5059235 2.2616115 2.7300594 3.0146943 3.2847544 3.9227955 3.4763167 2.2585478 4.8592268 2.1955100 2.6058254 4.8385087 2.3705979 2.4455191 5.0702079 4.2181557 3.1703695 4.7987659 2.8744120 4.3909799 4.1476936 4.1959294 4.0356334 4.5709083 3.8681403 4.9401693 4.6469508 4.2182220 4.4638293 4.8292538 4.3212022 4.3853464 5.1433094 4.5836386 4.9738262 3.1747924 4.1336435 2.7131039 
lcl|NC_026268.1_prot_YP_009116935.1_1 1.4396211 1.1702331 0.9241794 1.1989610 1.1069613 0.1815211 0.9837003 0.9714950 0.9733421 1.2569105 0.0000000 1.7621188 1.5669358 1.3186305 0.2287705 1.6740381 1.1105961 2.9578010 1.3555447 1.6966113 2.1337138 1.7533472 1.8055277 1.6717361 3.0623507 2.6865926 2.9298575 1.9710321 3.0428706 2.5469297 3.6027265 1.9995213 1.8969857 3.5137407 1.8113800 3.9267404 3.3796460 2.6763506 2.2323099 2.9003653 2.3700631 3.3945989 4.5628878 3.9649034 2.1773883 4.0176797 1.9783275 2.7051208 3.4456119 2.3917310 2.4453410 4.1962300 3.5034427 2.6734059 3.7548301 3.1044784 3.2984419 3.5929296 3.8179221 3.6420247 3.6984781 3.2566742 3.6486347 4.0461856 3.4582189 3.4476176 3.6895665 3.6727852 3.3970480 4.7982945 3.8256239 4.3629489 3.8759281 4.3392206 2.9854352 
lcl|NC_002654.2_prot_NP_075093.1_1    2.0266454 1.9992406 1.7196989 2.0782039 1.8655397 1.8387977 1.6642093 1.7520093 1.6612073 2.0343856 1.7621188 0.0000000 2.1224819 2.2062262 1.8973670 2.0839391 1.8154708 3.0773283 2.5094934 2.2259376 2.3354521 2.4737651 2.6988650 1.8415911 3.1823235 3.3630592 2.9878540 1.9446229 2.8445514 2.9521755 3.0448693 2.3613064 2.4813081 3.3800275 2.4369752 3.0616735 3.1794225 3.0597341 2.1789126 3.3034116 2.7182601 2.6873507 4.3266660 3.2005187 3.0030489 3.2253275 2.4932448 3.3438096 4.5810148 2.2619837 3.2760578 4.0775084 4.5145875 2.8527096 5.2677781 2.8380850 5.4027645 3.4116812 4.5280636 4.1510057 3.6197796 4.6199497 4.9692126 4.3719494 5.4587683 3.8851964 3.5747658 4.7260147 4.4291987 4.3499151 3.9869047 5.1478351 2.9087673 4.5173485 2.7166827 
lcl|NC_029997.2_prot_YP_009250003.1_1 1.9399575 2.0171781 1.6536125 1.8754046 1.9018432 1.7820869 1.3960524 1.5211371 1.4298531 1.6527293 1.5669358 2.1224819 0.0000000 1.9472016 1.8190074 2.2041728 1.7035184 3.2648936 1.8465595 2.2416163 2.3904954 2.8086896 2.2725220 1.8199539 3.8805575 2.8973209 3.2180319 1.9363524 3.8577148 2.7682846 4.0801458 2.6298871 2.4371050 3.6893069 2.0143054 3.7475569 3.5265954 3.0182133 2.2247610 3.3129535 2.4020418 3.5146511 3.8545593 3.7803212 2.9514592 3.5616992 3.2715064 2.7753220 3.8253672 2.3063350 2.6595472 4.1539662 3.8277501 3.1000601 5.0170562 3.3514576 5.3685711 3.4025743 4.9731333 4.6806537 4.2657037 3.3849525 4.5004416 3.8865975 5.5003147 3.4543649 4.7822069 4.0388829 3.5612363 4.4399845 3.8879860 3.3255073 3.6500436 3.4118731 3.0245210 
lcl|NC_024625.1_prot_YP_009049953.1_1 1.3326856 1.1166997 1.1713757 1.1917070 1.1460255 1.4745818 0.9926675 0.9396620 0.9664430 1.2325131 1.3186305 2.2062262 1.9472016 0.0000000 1.4261418 2.4403735 1.2128164 2.9039620 1.9802045 2.5469472 2.8229353 1.8683474 1.7470471 1.9708134 3.0434955 3.3153851 2.8715600 2.4654349 3.1380968 2.4631757 3.0066184 2.1838950 2.1427112 3.3364992 1.7827477 2.8199090 2.9442344 2.8026894 1.8177422 2.7091723 3.0286667 3.1216663 4.3900912 2.9231674 2.8451012 5.5044199 2.6295327 3.4908677 4.8105829 2.0713462 2.6532448 5.4249389 5.1645670 3.7234247 5.9329567 3.3560533 5.4761600 4.0973712 3.9444558 3.7618360 4.7940359 4.7995138 4.9782750 6.0503157 5.4523059 4.2485777 5.3338577 4.6342631 3.9448984 5.7113116 6.1803531 6.3713829 2.8896792 5.8841880 3.1795522 
lcl|NC_007151.1_prot_YP_249625.1_1    1.4128257 1.2599659 0.8176811 1.2347156 1.2693819 0.1472864 1.0087166 1.0252125 0.9979067 1.2085783 0.2287705 1.8973670 1.8190074 1.4261418 0.0000000 1.8338142 1.1379549 3.1362650 1.5219326 1.8635841 2.1742922 1.6774446 1.7081422 1.5588921 3.4291145 3.1862005 3.1191022 1.8552434 2.9074809 2.6326903 3.5991402 2.0443688 1.8743679 3.6757988 1.7315308 4.1517685 3.8228632 2.9330758 2.5061510 2.9690529 2.2222662 3.6690595 4.2857291 4.0082650 2.0221648 4.6422446 2.2217765 2.6872097 3.4569369 2.4092740 2.4146657 4.1144295 3.5244798 2.7161827 4.0574432 2.9103816 3.5430113 3.3190403 4.0401028 3.8831601 3.6677842 3.1310874 3.7236573 4.1962670 3.6980156 3.3017142 3.5168366 3.8360869 3.1950740 4.8788761 3.9316551 4.5057420 3.8506193 4.9900526 3.0270895 
lcl|NC_011423.1_prot_YP_002300546.1_1 1.9732288 1.9738801 1.8555087 1.8599938 1.9013100 1.8138678 1.5790449 1.6514646 1.5615431 1.8443678 1.6740381 2.0839391 2.2041728 2.4403735 1.8338142 0.0000000 1.8997108 3.0339884 1.3665094 0.1136326 1.8240353 1.8186999 1.9765911 1.7346069 3.2716890 3.0672620 3.2179953 1.8642354 2.8524843 2.8631726 3.0245594 1.8354985 2.5975469 3.4990061 1.6218639 3.1326507 3.4589679 3.1055367 2.2986167 2.4569286 2.5547505 3.1686535 3.3385735 2.9446705 2.3756865 3.4281857 2.5499931 2.5250547 2.8579179 2.3332529 2.9412809 3.3974423 3.4725773 2.6549511 3.8533201 2.4783322 3.6566707 3.3489751 3.6511382 3.6199031 3.4710948 2.9832475 3.8888466 3.7508682 3.8238607 3.5013561 3.2713529 3.2036108 2.7528822 3.6080499 3.8587723 2.9360911 2.9844470 3.7574988 3.0371392 
lcl|NC_002169.1_prot_NP_037887.1_1    0.6463663 0.9255984 0.9599310 0.4508853 0.9686035 1.1938408 0.7376266 0.7317775 0.7215442 1.0534495 1.1105961 1.8154708 1.7035184 1.2128164 1.1379549 1.8997108 0.0000000 2.4024980 1.6028799 1.9869110 2.0731147 1.9322714 1.4523070 1.7431516 3.0237249 2.4735283 2.4632793 1.9060282 2.3849735 2.4088950 2.8999481 1.5013362 1.7078740 2.8205205 1.6994426 2.4208263 2.8393112 2.3900898 2.0634195 2.4084260 2.5023923 2.5028938 3.4616704 2.5343392 2.3013042 3.5286517 2.0741234 2.4855646 3.5085740 2.2291916 2.3693027 4.3493046 3.7810257 2.9482585 4.4958014 3.0770626 4.1133063 3.1537108 4.2311429 4.0823337 4.0579535 3.5429538 4.2673080 4.3144191 4.0857524 3.7632649 3.8892392 3.7948028 4.0296409 4.9539647 4.1389034 3.6164080 2.4083379 4.4073731 2.4305061 
lcl|NC_001623.1_prot_NP_054057.1_1    2.6994577 2.7566789 2.7894185 2.5569365 2.6634421 3.2883075 2.3297694 2.3532961 2.3678491 2.7137869 2.9578010 3.0773283 3.2648936 2.9039620 3.1362650 3.0339884 2.4024980 0.0000000 2.4822311 3.1987705 3.4667778 3.3127816 2.4836914 2.3631865 1.6962711 1.4381759 0.0723549 3.4785153 3.2384366 3.1297612 1.7165652 2.8596760 2.8822388 1.8559868 2.7781141 1.3987570 1.5954808 0.2335611 2.7234935 1.3132445 1.0977400 1.7677543 3.2956898 1.4170811 3.9623756 3.5419788 4.9187583 1.2965113 4.1730381 2.8299268 3.1875696 4.1924825 3.4856280 3.9743270 3.8730517 1.5831676 3.8040935 3.0093191 4.0950344 4.3157938 4.2616030 3.2618707 4.0171635 3.9521668 3.8014306 4.1790592 4.0763810 4.1923015 3.3362856 4.5643955 4.6440881 4.4576568 1.3855988 4.3859014 1.2296546 
lcl|NC_040606.1_prot_YP_009552168.1_1 2.0407932 1.8525551 1.7615720 1.8668564 1.7028438 1.5702314 1.5900190 1.6083840 1.6013313 1.5905450 1.3555447 2.5094934 1.8465595 1.9802045 1.5219326 1.3665094 1.6028799 2.4822311 0.0000000 1.2644023 2.2899041 2.2609901 2.1703931 1.5935730 2.6922920 3.1071383 2.4843639 2.1266213 3.5338714 2.7572793 2.6418662 1.9386486 2.7121238 2.7999190 2.3947546 2.6396073 2.6546323 2.3508641 1.9717073 2.3121418 2.3267154 2.3618908 3.6648636 2.5826927 2.7113740 3.4520669 2.6574803 2.3672343 2.8519381 2.0808794 2.6228990 2.8806180 3.3211538 2.9133443 4.3385780 2.3810000 4.0998647 2.7137478 3.7171454 3.5688120 3.8587119 2.8740280 3.8187522 3.6730081 3.8490294 2.6718654 3.2462182 3.8022817 2.7630540 3.5697344 3.2782861 3.5413976 2.3845348 3.3704812 2.6766433 
lcl|NC_004690.1_prot_NP_818676.1_1    2.0544912 1.9057303 1.9425325 1.9547461 1.8174507 1.8368017 1.5611922 1.6329513 1.5439231 1.8804055 1.6966113 2.2259376 2.2416163 2.5469472 1.8635841 0.1136326 1.9869110 3.1987705 1.2644023 0.0000000 1.8618761 1.7961032 2.1919787 1.7337597 3.2326585 3.0548092 3.3944285 1.8862430 2.7978702 3.0367158 2.9507616 1.7599239 2.6375379 3.3079934 1.6518145 3.1087677 3.3962611 3.1968197 2.5087411 2.4154032 2.5225881 3.0717976 3.7545229 2.9486079 2.3321312 3.5380296 2.5395126 2.6154151 2.9898829 2.5614289 3.1087310 3.6431759 3.6564271 2.6023192 4.0556646 2.5650715 3.8447694 3.3908538 3.7992918 3.7678819 3.8054765 3.1222016 4.0302628 3.9514951 4.0214730 3.8120920 3.4416110 3.2794478 2.9414749 3.8319787 4.1295825 3.1126869 2.9010059 4.0689096 3.2688886 
lcl|NC_028636.1_prot_YP_009186703.1_1 2.1785272 2.2522917 2.4501395 2.2948852 2.0885513 2.0714790 2.1318222 2.1800381 2.1417558 2.3016622 2.1337138 2.3354521 2.3904954 2.8229353 2.1742922 1.8240353 2.0731147 3.4667778 2.2899041 1.8618761 0.0000000 2.2570004 2.4816492 1.3318889 3.3600366 3.9558945 3.3875520 2.0680715 3.3027847 3.3063806 3.8232796 2.3830258 2.6919352 4.0835283 2.1350181 3.8324343 3.5763551 3.1392793 2.3055067 3.5799954 3.2774479 3.6062615 3.8996596 4.0610552 2.6838822 3.0728042 3.1536310 3.3860239 3.1345325 2.5119775 3.2056506 3.3279873 3.1160816 3.0998725 4.2174364 2.9472733 4.4245812 3.2883240 4.4508307 4.2811553 4.2636673 3.2785106 4.9284807 4.9689021 4.2947031 3.4371305 3.9389405 3.4691503 3.7313494 3.3721993 3.9570648 3.9857447 3.5154128 3.4524792 3.3940019 
lcl|NC_010276.1_prot_YP_001650928.1_1 2.0797055 1.8818365 1.7645196 2.3416160 1.7837768 1.8412826 1.5141031 1.5573431 1.5225045 1.8778942 1.7533472 2.4737651 2.8086896 1.8683474 1.6774446 1.8186999 1.9322714 3.3127816 2.2609901 1.7961032 2.2570004 0.0000000 2.2087179 1.6315712 2.9602709 3.7998885 3.3897721 1.9815252 3.0797864 2.7880101 2.7836711 1.7829671 2.2996179 3.6336050 1.8953637 2.9895613 3.0070563 3.4518359 2.2550140 3.1443238 3.1426826 2.9229621 4.2135067 3.1390146 2.3261683 3.8392471 2.4056391 3.7045286 2.9687158 2.1472731 2.9067908 4.4838054 3.8615709 3.0793889 4.0563096 2.8385810 3.8287631 3.4310947 3.1010700 3.0033141 3.6481237 3.6648270 4.0767066 4.4595254 3.6575871 3.5423422 3.8074592 3.5367697 3.3694892 3.8149030 4.8324178 5.3580864 3.0242806 4.3324564 2.3620054 
lcl|NC_027923.1_prot_YP_009165633.1_1 1.7030885 1.7567858 1.5730121 1.4651034 1.6672092 1.8189554 1.5783909 1.6226159 1.5471377 1.9339568 1.8055277 2.6988650 2.2725220 1.7470471 1.7081422 1.9765911 1.4523070 2.4836914 2.1703931 2.1919787 2.4816492 2.2087179 0.0000000 2.1563642 2.9255827 3.2653885 2.5845953 2.2391375 3.1292541 3.0394232 3.1590656 2.0922367 2.1965574 2.8895587 2.1057656 3.9335888 2.9055732 2.7971856 2.5980859 2.6871324 2.6333011 3.6271582 3.2454032 3.6709239 3.2036344 3.2702792 2.5890478 2.7901643 2.9227792 2.5850638 3.1068142 3.2088893 3.1240292 2.5657865 4.5968027 2.8542719 4.1927311 3.7957250 3.4295734 3.3401055 3.4822922 2.9347354 4.0940201 3.8355879 4.1674707 3.2551976 3.9837350 3.3403786 2.6327692 3.8064898 4.1868430 3.1660205 3.7251222 3.2842900 2.6302987 
lcl|NC_023442.1_prot_YP_009001787.1_1 1.8231421 1.5295887 1.4697905 1.8161079 1.5508260 1.7460391 1.3969954 1.3560703 1.3452000 1.5066504 1.6717361 1.8415911 1.8199539 1.9708134 1.5588921 1.7346069 1.7431516 2.3631865 1.5935730 1.7337597 1.3318889 1.6315712 2.1563642 0.0000000 2.8492613 2.4893560 2.4475472 1.4914765 2.5161905 2.9893439 3.1745706 1.7254129 2.1338031 3.1745167 1.4331717 3.5559572 3.0032612 2.3079368 2.2547475 2.3958916 2.1063831 3.8200483 3.7263450 3.7327682 1.8276274 3.5245123 2.2434952 2.6034344 2.8918509 2.4508878 2.7398943 3.1938588 2.7682558 2.7167688 4.7082023 2.0377861 4.4679410 3.6573829 3.5404877 3.3942847 4.0191017 2.7174157 4.0389055 4.2414495 4.4863252 3.6526902 3.4698265 3.5851337 3.4758342 4.2935821 3.5296561 3.2523743 3.2161339 3.1738668 3.2123966 
lcl|NC_004778.3_prot_NP_848347.1_1    3.1562788 3.4684412 3.2786035 2.6666655 3.2509614 3.4773916 2.5315193 2.6849692 2.6055650 3.4379029 3.0623507 3.1823235 3.8805575 3.0434955 3.4291145 3.2716890 3.0237249 1.6962711 2.6922920 3.2326585 3.3600366 2.9602709 2.9255827 2.8492613 0.0000000 2.4930231 1.7653412 2.7743368 2.4792380 3.4271724 0.6577630 2.7243430 3.5164853 0.3824990 3.0339170 0.9202379 0.1943807 1.8118052 2.4548661 1.7640343 1.8115494 0.6280550 3.3335466 0.8593122 3.6297539 3.0493710 4.1748756 1.9311549 3.0580780 2.9138415 3.9775771 3.6249487 2.8909817 2.4240613 3.2682312 1.1282593 3.2464202 2.9648493 3.7065867 3.7222575 3.3252287 2.8614763 2.9323535 3.4823867 3.3163492 3.9339799 3.3232177 3.4519889 2.7328470 4.1941849 3.6712550 4.2026294 0.8739856 4.1112604 0.7690016 
lcl|NC_043529.1_prot_YP_009666638.1_1 2.6447562 2.7639480 2.9406225 2.5643708 2.8013307 3.1843712 2.3317296 2.3893524 2.3919633 3.1086866 2.6865926 3.3630592 2.8973209 3.3153851 3.1862005 3.0672620 2.4735283 1.4381759 3.1071383 3.0548092 3.9558945 3.7998885 3.2653885 2.4893560 2.4930231 0.0000000 1.3719940 3.2856897 3.6939864 2.5714815 2.6052864 3.3273258 3.1672731 2.5385129 3.4447949 2.2072847 2.3779239 1.3547084 2.7517222 1.6447649 1.5182973 2.3886701 2.9456953 2.4355330 3.7742938 4.0392843 4.0625258 1.8964250 2.9900117 2.8277222 2.7992826 3.8501559 4.5845925 3.5334936 5.4849472 2.1379365 5.6892381 3.6858889 4.3265535 4.2726274 5.3176733 4.1291823 5.4744770 4.8408774 6.0336881 3.5553591 5.2570555 3.4531203 4.1795756 5.1536153 5.8061709 4.2393377 2.1153611 4.3206923 2.0752758 
lcl|NC_001962.1_prot_NP_047433.1_1    2.7595730 2.7321140 2.7310104 2.5923366 2.6390212 3.3115290 2.2812654 2.3046379 2.3186532 2.6644151 2.9298575 2.9878540 3.2180319 2.8715600 3.1191022 3.2179953 2.4632793 0.0723549 2.4843639 3.3944285 3.3875520 3.3897721 2.5845953 2.4475472 1.7653412 1.3719940 0.0000000 3.5003752 2.9945744 3.1806382 1.7434508 2.9227269 3.0429806 1.9387267 2.7235380 1.5146861 1.6583037 0.2498440 2.5594255 1.3398648 1.1293118 1.7621183 3.1015120 1.5288926 3.9171401 3.7076617 4.9116339 1.3524695 4.1443638 2.6401764 3.2076992 4.1572847 3.5250449 3.8950629 3.8357132 1.6292830 3.7687263 3.0059249 4.2712230 4.5123439 4.2886206 3.2196435 4.0103382 4.0261860 3.7656332 4.0887435 4.1072466 4.1730030 3.4972620 4.7254264 4.7073206 4.6285710 1.4680107 4.3830325 1.2691811 
lcl|NC_018504.1_prot_YP_006607873.1_1 1.8719718 2.0387525 2.1807203 2.1107278 2.1375279 2.0004053 1.8428174 1.8487139 1.8428174 2.0218723 1.9710321 1.9446229 1.9363524 2.4654349 1.8552434 1.8642354 1.9060282 3.4785153 2.1266213 1.8862430 2.0680715 1.9815252 2.2391375 1.4914765 2.7743368 3.2856897 3.5003752 0.0000000 3.4393863 2.5486077 2.7454478 1.7466057 2.2595174 2.7931004 1.9913541 3.0599043 2.5731209 3.2754224 1.8975609 3.3500954 3.0058608 2.3917977 3.5987822 2.8568725 2.3113992 3.0459554 2.5986640 3.6040564 3.8992900 2.0089143 3.0726971 3.6722558 3.9062924 3.0091720 4.3442458 3.0965949 4.1178469 3.3997444 4.7748735 4.5551969 3.9529515 4.2899627 4.4338612 4.1786486 4.1346990 3.4411627 4.6420196 4.8061102 4.7484423 4.3939461 4.1549484 3.7435313 2.6874671 3.9083387 2.6394365 
lcl|NC_040621.1_prot_YP_009552578.1_1 2.7988724 2.3325250 2.5080295 2.8323033 2.4432057 2.5917342 2.6694095 2.7276256 2.6571268 3.2266649 3.0428706 2.8445514 3.8577148 3.1380968 2.9074809 2.8524843 2.3849735 3.2384366 3.5338714 2.7978702 3.3027847 3.0797864 3.1292541 2.5161905 2.4792380 3.6939864 2.9945744 3.4393863 0.0000000 2.4400614 2.6930433 2.8929634 3.1402751 2.5699253 3.0197814 2.5089701 2.6287101 2.9955380 2.0228029 3.4691863 3.4750512 2.8432693 2.6054472 2.3761397 2.9540041 3.2971264 3.5933194 3.6324144 3.5464459 2.5300001 2.3503867 3.4594967 2.4666085 2.4156833 3.8107955 2.6540427 3.8146248 2.9046178 3.8449979 3.7110432 3.2577850 3.3026833 3.8658886 3.2911750 3.6383653 3.2110118 3.0777987 3.6033089 2.6999836 3.9526988 3.3699004 3.5569274 2.3209646 3.6818168 2.3284629 
lcl|NC_038369.1_prot_YP_009505834.1_1 2.8016495 2.9688583 2.4301732 2.9832934 3.0307950 2.4912252 2.7509201 2.7056379 2.7126259 2.8544959 2.5469297 2.9521755 2.7682846 2.4631757 2.6326903 2.8631726 2.4088950 3.1297612 2.7572793 3.0367158 3.3063806 2.7880101 3.0394232 2.9893439 3.4271724 2.5714815 3.1806382 2.5486077 2.4400614 0.0000000 3.2549399 3.1139205 3.0082398 3.7393752 2.2605059 2.5545105 3.4354198 3.4437871 2.5006657 3.0070067 2.9248436 3.1470149 3.2525471 2.8725349 2.5859037 3.2673419 2.9305602 3.1846889 3.2618854 2.7835114 0.1949883 3.2363539 3.1133605 1.9487073 4.2118748 3.4371157 3.9054720 3.4793107 4.0881188 3.6358499 2.7817383 3.4126569 3.3915467 3.5742460 3.7677103 3.1690436 3.3238076 2.7184810 2.5645622 4.7948893 3.2455552 3.2450771 2.7858863 3.3164161 2.6174178 
lcl|NC_007767.1_prot_YP_473303.1_1    3.2583154 3.4012024 3.5505346 3.0478886 3.3443044 3.8083031 2.7840961 2.9610989 2.8265718 3.1994713 3.6027265 3.0448693 4.0801458 3.0066184 3.5991402 3.0245594 2.8999481 1.7165652 2.6418662 2.9507616 3.8232796 2.7836711 3.1590656 3.1745706 0.6577630 2.6052864 1.7434508 2.7454478 2.6930433 3.2549399 0.0000000 2.9764999 2.7712926 0.6153336 3.0844993 1.0187011 0.5696290 1.7541517 2.3082037 1.8559457 2.0941590 0.6974888 3.6098822 1.0143230 3.9615987 3.2436748 4.8419158 1.9691023 3.2145082 3.0430240 3.6532907 4.0440816 3.3173460 2.2524597 3.8770409 0.9691722 3.8786080 3.2282925 3.6136110 3.7190955 4.7213861 4.1457499 3.9571916 3.8978552 3.8558445 4.5032087 4.3564071 3.5187863 3.4479003 4.1872176 3.8473855 5.4472147 1.0238656 4.1974288 0.8891036 
lcl|NC_012639.1_prot_YP_002854663.1_1 1.4451473 1.8057017 1.7976171 1.6037480 1.5770353 2.1144837 1.6566752 1.7383363 1.6537371 1.9333711 1.9995213 2.3613064 2.6298871 2.1838950 2.0443688 1.8354985 1.5013362 2.8596760 1.9386486 1.7599239 2.3830258 1.7829671 2.0922367 1.7254129 2.7243430 3.3273258 2.9227269 1.7466057 2.8929634 3.1139205 2.9764999 0.0000000 2.1027456 3.3851623 1.9217577 2.7413840 2.6903286 2.5939697 1.9732552 2.3818294 2.7757682 2.7910336 3.6292158 2.5477506 2.5988904 4.2633687 2.6185132 2.9502318 3.9821921 2.1013393 2.9550483 4.2930231 3.4645204 3.1622439 5.8514530 2.9540394 5.4527732 3.8426165 4.0661938 3.8157924 4.6251676 3.3684868 5.6403879 4.3259250 5.3482184 3.9497258 5.2324800 4.1019285 3.5511654 4.0566259 4.7072417 3.4375086 2.6889737 5.4795100 2.8057717 
lcl|NC_008293.1_prot_YP_717555.1_1    2.0261646 1.9502539 1.9415411 1.6581903 1.8525919 1.9408618 1.5156940 1.4850105 1.4933251 1.8092741 1.8969857 2.4813081 2.4371050 2.1427112 1.8743679 2.5975469 1.7078740 2.8822388 2.7121238 2.6375379 2.6919352 2.2996179 2.1965574 2.1338031 3.5164853 3.1672731 3.0429806 2.2595174 3.1402751 3.0082398 2.7712926 2.1027456 0.0000000 3.2995015 2.3956361 3.0632310 3.3135714 2.6780166 2.0712936 2.9530150 2.7462234 3.2804893 6.0443196 3.0795316 2.8011870 6.2843959 2.4000395 2.8847771 6.7569924 2.1114748 3.0443531 6.8988270 6.1987451 3.8125738 6.4026752 2.6630829 5.4670423 4.4572333 5.3042865 5.0813831 5.8110604 4.4763532 6.3326441 5.7042232 5.4800469 4.9450508 6.6844335 6.2213284 5.4122528 5.8422898 4.9591575 5.3723576 3.2777200 7.0535198 2.7591144 
lcl|NC_021924.1_prot_YP_008378465.1_1 3.0106403 3.3823417 3.5048147 2.8536632 3.1921971 3.6357784 2.6228470 2.8358436 2.7047121 3.3072074 3.5137407 3.3800275 3.6893069 3.3364992 3.6757988 3.4990061 2.8205205 1.8559868 2.7999190 3.3079934 4.0835283 3.6336050 2.8895587 3.1745167 0.3824990 2.5385129 1.9387267 2.7931004 2.5699253 3.7393752 0.6153336 3.3851623 3.2995015 0.0000000 3.5741072 1.0652098 0.3669648 1.9337092 2.8103052 1.9425913 1.9227963 0.6719935 3.4404095 0.9930423 4.0610489 2.9677827 3.8859965 2.1072058 3.4564012 2.9709487 4.0740316 4.0728673 3.3542451 2.5155097 3.4026179 1.1036219 3.2808913 3.5261092 4.2644371 4.3904380 4.0936027 3.0310296 3.2044653 3.2320855 3.4254476 3.6649749 3.9002389 3.4996943 3.1406359 4.6224080 3.8696387 4.3362482 1.0368091 4.4117567 0.8262732 
lcl|NC_021923.1_prot_YP_008378236.1_1 1.7839470 1.7088516 1.5738160 1.9617819 1.7383852 1.9244603 1.4256512 1.4325012 1.3905855 1.8464089 1.8113800 2.4369752 2.0143054 1.7827477 1.7315308 1.6218639 1.6994426 2.7781141 2.3947546 1.6518145 2.1350181 1.8953637 2.1057656 1.4331717 3.0339170 3.4447949 2.7235380 1.9913541 3.0197814 2.2605059 3.0844993 1.9217577 2.3956361 3.5741072 0.0000000 2.9417095 3.0768743 2.6673976 1.9442959 3.1730399 2.6743590 3.0590196 4.1577458 2.8856967 2.2983820 4.0515153 2.6423710 2.6550053 3.1048501 1.8534114 2.0535549 3.8016819 3.1865087 2.5470658 4.3521702 2.6642619 4.0500527 3.4586330 3.7008070 3.3208704 3.4694144 3.3077600 4.6159896 3.8010216 3.8234497 2.9758299 3.8868108 3.3889154 3.1591534 3.3727323 3.5333694 3.2495659 2.6804537 3.6205412 2.9834015 
lcl|NC_031761.1_prot_YP_009316139.1_1 2.5477189 2.8085496 3.3774104 2.5896997 2.8061837 3.8735847 2.7748210 2.8080312 2.8538344 3.3838792 3.9267404 3.0616735 3.7475569 2.8199090 4.1517685 3.1326507 2.4208263 1.3987570 2.6396073 3.1087677 3.8324343 2.9895613 3.9335888 3.5559572 0.9202379 2.2072847 1.5146861 3.0599043 2.5089701 2.5545105 1.0187011 2.7413840 3.0632310 1.0652098 2.9417095 0.0000000 0.8738492 1.5441990 2.6702090 1.6067495 1.9283823 0.7451914 3.3734367 0.0871728 3.6116747 3.6769271 4.1835311 1.8214800 3.2210672 3.0154165 2.9746906 3.7183141 2.8985080 2.5343996 3.8967609 1.0646491 4.0453826 3.3582063 3.4250832 3.3872869 4.2795654 3.2479077 3.8942868 3.3042683 4.0235845 4.0765789 4.2724499 3.3643637 3.1147752 3.9432316 3.8287177 3.9861268 0.2093650 4.4305651 0.6759657 
lcl|NC_023177.1_prot_YP_008992203.1_1 3.0668389 3.1035886 3.4438468 2.7134382 2.9344186 3.8342900 2.4016737 2.5819632 2.4691639 3.3444112 3.3796460 3.1794225 3.5265954 2.9442344 3.8228632 3.4589679 2.8393112 1.5954808 2.6546323 3.3962611 3.5763551 3.0070563 2.9055732 3.0032612 0.1943807 2.3779239 1.6583037 2.5731209 2.6287101 3.4354198 0.5696290 2.6903286 3.3135714 0.3669648 3.0768743 0.8738492 0.0000000 1.7430940 2.4074832 1.6517994 1.7520542 0.5353648 3.2571819 0.8101410 3.6552906 2.9980802 4.0065092 1.8420605 3.1212084 2.7772376 4.0692207 3.4241225 2.8458445 2.7543584 3.5531402 1.0761356 3.3659390 3.0209037 3.7577727 3.7801380 3.7537706 3.1735249 3.4743460 3.1107995 3.3482891 3.9169472 3.8571913 3.4412970 3.0617416 4.0217074 3.7124515 3.9897329 0.8191490 4.2026557 0.8373714 
lcl|NC_019945.1_prot_YP_007250438.1_1 2.6404228 2.6443045 2.6266771 2.5601511 2.5952018 3.0193735 2.1883892 2.2175403 2.2231552 2.5059235 2.6763506 3.0597341 3.0182133 2.8026894 2.9330758 3.1055367 2.3900898 0.2335611 2.3508641 3.1968197 3.1392793 3.4518359 2.7971856 2.3079368 1.8118052 1.3547084 0.2498440 3.2754224 2.9955380 3.4437871 1.7541517 2.5939697 2.6780166 1.9337092 2.6673976 1.5441990 1.7430940 0.0000000 2.3638915 1.3091486 1.1194778 1.8809344 3.3472957 1.5293682 3.6808556 3.1674578 4.5978951 1.2389362 4.0004095 2.4978536 3.5094405 5.0503121 3.3073563 3.3405264 3.8217419 1.5632704 3.8275675 3.2291952 3.9371926 4.0507098 4.1203814 3.3649506 3.9584962 3.5131577 3.9666041 4.2411307 4.1734587 3.7131835 3.5772901 4.7161955 4.6081235 3.9534710 1.4659990 4.2346985 1.3634091 
lcl|NC_001973.1_prot_NP_047674.1_1    2.2210402 2.2034006 2.0519756 2.2931377 2.2883951 2.3905683 1.6205405 1.5638382 1.5953874 2.2616115 2.2323099 2.1789126 2.2247610 1.8177422 2.5061510 2.2986167 2.0634195 2.7234935 1.9717073 2.5087411 2.3055067 2.2550140 2.5980859 2.2547475 2.4548661 2.7517222 2.5594255 1.8975609 2.0228029 2.5006657 2.3082037 1.9732552 2.0712936 2.8103052 1.9442959 2.6702090 2.4074832 2.3638915 0.0000000 2.9855502 3.0391187 2.7631115 3.7569801 2.4874446 2.0572006 3.7815522 2.8713858 2.7587035 3.9515020 0.3808995 2.4560054 4.1957249 3.8206350 2.3500506 5.1250595 2.7223464 4.9072395 2.8014389 3.8569691 3.4784838 3.6251718 3.7464557 4.3491807 3.9792743 4.7265190 3.1334560 4.1923065 4.2090504 3.3597422 3.8905588 4.0095771 4.0132752 2.5347109 3.9620026 2.5144244 
lcl|NC_043520.1_prot_YP_009666479.1_1 2.2681299 2.5000573 2.8478021 2.3577571 2.1830490 3.1248596 2.0324648 2.0739778 2.0795301 2.7300594 2.9003653 3.3034116 3.3129535 2.7091723 2.9690529 2.4569286 2.4084260 1.3132445 2.3121418 2.4154032 3.5799954 3.1443238 2.6871324 2.3958916 1.7640343 1.6447649 1.3398648 3.3500954 3.4691863 3.0070067 1.8559457 2.3818294 2.9530150 1.9425913 3.1730399 1.6067495 1.6517994 1.3091486 2.9855502 0.0000000 1.0591524 1.6471342 3.7201973 1.5972773 3.8681365 3.5843548 3.8617381 1.5994261 3.3475156 3.1291716 3.2145959 4.4592002 4.1659089 3.9972041 4.7789874 1.5709928 4.6972879 2.8060992 4.9604974 5.1828576 5.6745297 3.5423455 4.6841040 4.9084327 4.6661365 4.1558331 5.0376688 3.2588812 3.5942053 5.2555544 5.8024581 4.5767892 1.5257317 5.0203954 1.6532454 
lcl|NC_008725.1_prot_YP_950749.1_1    2.1853665 2.3341832 2.4859241 2.2675066 2.4284713 2.4196171 2.2753141 2.3528022 2.3275613 3.0146943 2.3700631 2.7182601 2.4020418 3.0286667 2.2222662 2.5547505 2.5023923 1.0977400 2.3267154 2.5225881 3.2774479 3.1426826 2.6333011 2.1063831 1.8115494 1.5182973 1.1293118 3.0058608 3.4750512 2.9248436 2.0941590 2.7757682 2.7462234 1.9227963 2.6743590 1.9283823 1.7520542 1.1194778 3.0391187 1.0591524 0.0000000 1.7655924 3.7048864 1.9655734 3.8747314 3.2888383 3.6348155 1.3395121 3.8080963 3.1974532 3.1746356 4.3486082 3.7174424 3.5792378 4.6371317 1.8739833 4.3801210 3.0998967 4.2366063 4.5606924 5.2953262 3.2960039 5.0421049 5.7453350 4.2839454 4.7685581 4.0445880 4.2529382 3.3664356 5.3216417 5.8436851 3.8647451 1.8801840 4.8524008 1.6743472 
lcl|NC_001875.2_prot_NP_046196.1_1    2.2900558 2.6297498 2.9505077 2.5297525 2.6041435 3.6458505 2.8067733 2.9275073 2.8894707 3.2847544 3.3945989 2.6873507 3.5146511 3.1216663 3.6690595 3.1686535 2.5028938 1.7677543 2.3618908 3.0717976 3.6062615 2.9229621 3.6271582 3.8200483 0.6280550 2.3886701 1.7621183 2.3917977 2.8432693 3.1470149 0.6974888 2.7910336 3.2804893 0.6719935 3.0590196 0.7451914 0.5353648 1.8809344 2.7631115 1.6471342 1.7655924 0.0000000 3.5052895 0.7452689 3.6494649 3.2823560 4.1386951 2.0873497 3.6793033 3.1566094 3.4787269 3.8360026 3.1977440 2.5593095 4.0479824 1.0310702 3.9092152 3.1410083 3.0038116 3.1704202 4.0062747 3.7169485 3.7905855 3.3989379 3.8859179 3.7227427 4.2088283 3.7928627 2.8710726 4.4032735 3.6569691 5.0086302 0.7951365 4.5058152 0.8974593 
lcl|NC_013797.1_prot_YP_003429389.1_1 3.8792450 3.6511677 3.8167211 3.6124876 3.6913021 4.1426721 4.3449162 4.4600131 4.3449162 3.9227955 4.5628878 4.3266660 3.8545593 4.3900912 4.2857291 3.3385735 3.4616704 3.2956898 3.6648636 3.7545229 3.8996596 4.2135067 3.2454032 3.7263450 3.3335466 2.9456953 3.1015120 3.5987822 2.6054472 3.2525471 3.6098822 3.6292158 6.0443196 3.4404095 4.1577458 3.3734367 3.2571819 3.3472957 3.7569801 3.7201973 3.7048864 3.5052895 0.0000000 3.4054370 4.3288941 1.7069414 3.6836406 3.8043270 1.2995766 4.4601039 3.3062194 1.1503602 1.1065698 2.9439598 2.5727252 3.6326670 2.4874128 1.8297551 1.2237687 1.2843052 2.4188554 1.4428746 2.1043706 2.1139794 2.5200108 1.1735889 2.4261754 1.6379572 1.5273768 1.5207234 1.9636315 2.1448433 3.0135901 1.7922608 2.5130033 
lcl|NC_005137.2_prot_NP_932644.1_1    2.5976433 2.9522563 3.3750671 2.6981111 2.8597101 3.8986900 2.7850058 2.8483677 2.8654468 3.4763167 3.9649034 3.2005187 3.7803212 2.9231674 4.0082650 2.9446705 2.5343392 1.4170811 2.5826927 2.9486079 4.0610552 3.1390146 3.6709239 3.7327682 0.8593122 2.4355330 1.5288926 2.8568725 2.3761397 2.8725349 1.0143230 2.5477506 3.0795316 0.9930423 2.8856967 0.0871728 0.8101410 1.5293682 2.4874446 1.5972773 1.9655734 0.7452689 3.4054370 0.0000000 3.8037705 3.4745694 4.4618879 1.8486989 3.0763364 2.7937192 3.3123205 3.6778014 3.0100828 2.4809844 3.6954562 1.0668275 3.8389345 3.3692148 3.3928084 3.3547725 4.2221827 3.1423270 3.8422889 3.1956654 3.9429818 3.9641076 4.3278810 3.0107090 3.0302358 3.7380013 3.7661906 3.9180635 0.1673684 4.2596229 0.5812107 
lcl|NC_008586.1_prot_YP_874209.1_1    2.5671852 2.6430052 2.1672942 2.8572397 2.5339854 2.2819807 1.9647414 1.9552942 1.9450046 2.2585478 2.1773883 3.0030489 2.9514592 2.8451012 2.0221648 2.3756865 2.3013042 3.9623756 2.7113740 2.3321312 2.6838822 2.3261683 3.2036344 1.8276274 3.6297539 3.7742938 3.9171401 2.3113992 2.9540041 2.5859037 3.9615987 2.5988904 2.8011870 4.0610489 2.2983820 3.6116747 3.6552906 3.6808556 2.0572006 3.8681365 3.8747314 3.6494649 4.3288941 3.8037705 0.0000000 3.4830596 2.9419860 3.8965360 3.2193061 2.2432888 2.6987844 3.6972115 3.4631906 3.2865933 4.5250842 3.5214137 4.6410590 3.5185926 3.5604892 3.4094868 3.8447753 3.0398548 4.6638824 4.6109207 4.5947523 4.1190214 4.4957288 4.0738159 3.7354597 4.2129627 3.2175802 4.2655227 3.6133441 4.5271269 3.4438093 
lcl|NC_009503.1_prot_YP_001257020.1_1 4.0185973 3.8412895 4.0025676 3.7743778 3.6208348 4.5158733 5.0408997 5.1721937 5.0408997 4.8592268 4.0176797 3.2253275 3.5616992 5.5044199 4.6422446 3.4281857 3.5286517 3.5419788 3.4520669 3.5380296 3.0728042 3.8392471 3.2702792 3.5245123 3.0493710 4.0392843 3.7076617 3.0459554 3.2971264 3.2673419 3.2436748 4.2633687 6.2843959 2.9677827 4.0515153 3.6769271 2.9980802 3.1674578 3.7815522 3.5843548 3.2888383 3.2823560 1.7069414 3.4745694 3.4830596 0.0000000 4.3954842 3.5017450 1.5895545 4.0916070 3.5867378 1.4096081 1.3046421 3.5975732 1.8079841 3.7313478 1.7944471 2.1224095 1.9611563 2.0407385 1.6606684 1.8933955 1.9001276 1.8377027 1.7272362 1.7189462 1.6096595 1.8542874 1.7357387 2.0613367 2.1040683 2.5513356 3.0713437 1.8185737 2.9522436 
lcl|NC_026922.1_prot_YP_009133328.1_1 2.1883322 2.3053585 2.3439307 2.1634557 2.2082305 2.0798664 1.7745333 1.8193631 1.7421075 2.1955100 1.9783275 2.4932448 3.2715064 2.6295327 2.2217765 2.5499931 2.0741234 4.9187583 2.6574803 2.5395126 3.1536310 2.4056391 2.5890478 2.2434952 4.1748756 4.0625258 4.9116339 2.5986640 3.5933194 2.9305602 4.8419158 2.6185132 2.4000395 3.8859965 2.6423710 4.1835311 4.0065092 4.5978951 2.8713858 3.8617381 3.6348155 4.1386951 3.6836406 4.4618879 2.9419860 4.3954842 0.0000000 3.5484209 4.6291398 2.8726850 2.7569770 5.0597869 3.7522130 3.4025153 4.8083969 3.5353389 4.8818526 4.2864829 4.5185292 4.3937877 4.7523247 4.0376012 4.5704758 5.1472435 4.9042266 4.0912524 4.7478176 4.4320075 3.5053814 5.6055923 4.3510607 4.2400930 4.6222014 4.2292210 3.1061566 
lcl|NC_030240.1_prot_YP_009255366.1_1 2.3847286 2.4199312 2.7684832 2.2199797 2.4297078 2.9732077 2.3985215 2.4648331 2.4542819 2.6058254 2.7051208 3.3438096 2.7753220 3.4908677 2.6872097 2.5250547 2.4855646 1.2965113 2.3672343 2.6154151 3.3860239 3.7045286 2.7901643 2.6034344 1.9311549 1.8964250 1.3524695 3.6040564 3.6324144 3.1846889 1.9691023 2.9502318 2.8847771 2.1072058 2.6550053 1.8214800 1.8420605 1.2389362 2.7587035 1.5994261 1.3395121 2.0873497 3.8043270 1.8486989 3.8965360 3.5017450 3.5484209 0.0000000 3.3167061 3.1052447 2.9428068 4.8318183 3.5635212 3.1213641 3.7967459 1.8781509 3.7125633 3.6448557 4.7142335 4.9370910 4.2143281 3.2181218 3.7049682 4.2950990 3.7203126 4.3674915 4.1019146 3.6814412 3.8146687 4.7887950 4.6246402 4.7800359 1.6678335 4.5401220 1.9476828 
lcl|NC_038371.1_prot_YP_009506007.1_1 3.7294524 3.7923151 4.0218974 4.1215640 3.9334792 3.5988666 3.8505756 3.9387412 3.8505756 4.8385087 3.4456119 4.5810148 3.8253672 4.8105829 3.4569369 2.8579179 3.5085740 4.1730381 2.8519381 2.9898829 3.1345325 2.9687158 2.9227792 2.8918509 3.0580780 2.9900117 4.1443638 3.8992900 3.5464459 3.2618854 3.2145082 3.9821921 6.7569924 3.4564012 3.1048501 3.2210672 3.1212084 4.0004095 3.9515020 3.3475156 3.8080963 3.6793033 1.2995766 3.0763364 3.2193061 1.5895545 4.6291398 3.3167061 0.0000000 5.0404970 3.1409729 1.1196471 1.1672187 2.3494577 2.0789509 3.2014740 2.2627769 1.4190904 1.9111315 1.9064417 2.1919782 1.8004754 2.0809050 1.7922956 2.1985573 1.3953886 2.1784631 0.5622916 1.7106592 1.5882621 2.1313347 2.3952634 2.8191709 1.1597720 3.1953459 
lcl|NC_013953.1_prot_YP_003517774.1_1 2.0696342 2.1929177 2.2221436 2.2758775 2.2371030 2.5310575 1.9228345 1.7998192 1.8930309 2.3705979 2.3917310 2.2619837 2.3063350 2.0713462 2.4092740 2.3332529 2.2291916 2.8299268 2.0808794 2.5614289 2.5119775 2.1472731 2.5850638 2.4508878 2.9138415 2.8277222 2.6401764 2.0089143 2.5300001 2.7835114 3.0430240 2.1013393 2.1114748 2.9709487 1.8534114 3.0154165 2.7772376 2.4978536 0.3808995 3.1291716 3.1974532 3.1566094 4.4601039 2.7937192 2.2432888 4.0916070 2.8726850 3.1052447 5.0404970 0.0000000 2.7519391 4.9430618 3.8666486 3.3034237 5.0791169 2.9680093 4.9482029 2.6751559 4.4170617 3.9623042 3.2916736 3.7509761 4.2530000 4.0637345 5.1288292 3.6840051 4.3670424 5.3511717 3.8679326 4.5530751 3.8817121 3.7468820 2.8670860 5.1011248 2.4670708 
