30
lcl|NC_009011.2_prot_YP_001036313.1_1 0.0000000 1.4931697 1.7715096 1.4864767 1.7828684 1.1210313 1.8631427 2.3342738 2.7442189 0.9092480 3.8288372 3.7272463 4.2362548 4.4842118 4.1853488 0.9921925 3.0917120 4.4548980 4.6497080 4.2147450 1.8672430 4.1712506 4.6647032 4.2337512 4.5752460 4.6980911 4.4051739 4.4488135 4.5757878 4.5381170 
lcl|NC_013772.1_prot_YP_003422473.1_1 1.4931697 0.0000000 0.7321324 0.0487912 0.7494303 1.3072928 0.7441279 2.2777188 2.1808068 1.4598213 4.4561198 3.4201283 3.6414619 3.6479919 3.9397151 1.6963370 2.9739227 4.2980951 3.4474728 3.7908483 1.9014733 4.6008328 4.2345125 4.2178973 4.7057238 4.6116934 4.2238707 4.2668681 4.7661829 4.7249042 
lcl|NC_010240.1_prot_YP_001649114.1_1 1.7715096 0.7321324 0.0000000 0.7487998 0.0902589 1.4076555 0.8971575 2.2832439 2.6570339 1.4799731 4.2255040 3.9282909 4.1466119 3.9491564 4.0499143 1.7260656 3.0436697 4.8141938 3.4247609 3.8085351 1.8111267 4.1258979 3.9264555 4.0786581 4.2576427 4.2897271 4.0374123 4.0784666 4.2183342 4.4700800 
lcl|NC_038375.1_prot_YP_009506193.1_1 1.4864767 0.0487912 0.7487998 0.0000000 0.7647331 1.3539132 0.7702267 2.3105243 2.1564679 1.5223818 4.3685319 3.3522790 3.6816051 3.7026504 3.9683861 1.6884345 3.0481166 4.2553177 3.2578107 3.6625350 1.8828644 4.4415548 4.1836611 4.0749428 4.7330457 4.4717169 4.1811754 4.2239498 4.6194315 4.7954137 
lcl|NC_002331.1_prot_NP_059277.1_1    1.7828684 0.7494303 0.0902589 0.7647331 0.0000000 1.4115030 0.9688576 2.2729105 2.7252511 1.4929421 4.5677769 4.2853805 4.4960239 4.2856577 4.2531155 1.6709321 3.2335078 5.2306827 3.6516038 3.9180184 1.9035655 4.4315606 4.4364097 4.2072672 4.6675400 4.4584819 4.4266077 4.4736014 4.6287523 4.6820988 
lcl|NC_007921.1_prot_YP_529691.1_1    1.1210313 1.3072928 1.4076555 1.3539132 1.4115030 0.0000000 1.5507386 2.2602702 2.8606767 1.1108398 4.0223909 3.4313611 3.7877768 3.8339196 3.8460742 1.1764645 3.0487012 4.6509908 3.2236956 3.9525298 1.8212774 4.3466216 4.4428318 4.0719545 4.6746741 4.6850145 4.5235438 4.5746308 4.6214087 4.2624676 
lcl|NC_043530.1_prot_YP_009666716.1_1 1.8631427 0.7441279 0.8971575 0.7702267 0.9688576 1.5507386 0.0000000 2.3384676 2.6247443 1.5952725 4.5479664 3.5198087 3.9399582 3.8124261 4.2021643 1.8747088 3.5481895 4.9974904 3.8776537 3.6007262 1.9509887 4.4820579 4.5504856 4.6718760 4.9643718 4.8236112 4.5912829 4.6398568 4.3611787 4.4261242 
lcl|NC_026511.1_prot_YP_009121869.1_1 2.3342738 2.2777188 2.2832439 2.3105243 2.2729105 2.2602702 2.3384676 0.0000000 3.7144252 1.8724401 4.9969746 4.3189461 4.6304691 4.4531573 4.9477087 2.9456129 2.1791360 5.5212376 4.4598235 3.9939074 2.5101297 5.1288268 5.0722648 5.6011942 5.1500933 6.0193979 5.1444671 5.1431683 5.6192530 5.3418054 
lcl|NC_043530.1_prot_YP_009666693.1_1 2.7442189 2.1808068 2.6570339 2.1564679 2.7252511 2.8606767 2.6247443 3.7144252 0.0000000 2.2931082 5.3830673 3.3815260 3.8127312 3.5958069 4.0975057 3.8193338 3.7093676 5.0547829 2.9987813 3.8420426 2.6279871 5.5101214 5.4573261 5.2388740 4.4656548 4.7800690 4.9447984 4.9447984 5.1501307 4.3776430 
lcl|NC_002169.1_prot_NP_037778.1_1    0.9092480 1.4598213 1.4799731 1.5223818 1.4929421 1.1108398 1.5952725 1.8724401 2.2931082 0.0000000 4.5919508 4.2906231 4.5313395 4.3072710 4.4461707 2.2013927 2.9499400 4.8365469 4.1332135 5.4952784 1.7337711 4.9095978 4.5615745 5.3269805 5.1815499 4.6812373 5.8201273 5.8201273 5.7443431 5.7564515 
lcl|NC_004778.3_prot_NP_848426.1_1    3.8288372 4.4561198 4.2255040 4.3685319 4.5677769 4.0223909 4.5479664 4.9969746 5.3830673 4.5919508 0.0000000 1.7645112 1.9412846 2.0195723 1.8733311 8.9999988 5.2150427 0.5529223 2.1220845 3.0977886 3.7532069 0.2073241 0.4574098 0.6821252 0.7852613 0.7267593 0.8197005 0.8281529 0.8968553 2.9695218 
lcl|NC_008725.1_prot_YP_950824.1_1    3.7272463 3.4201283 3.9282909 3.3522790 4.2853805 3.4313611 3.5198087 4.3189461 3.3815260 4.2906231 1.7645112 0.0000000 0.2580927 0.3151776 0.6122949 7.0814334 4.0210799 2.0235443 0.9287407 2.3798080 3.2765974 1.8157729 1.7607956 1.9490080 1.9455152 1.9357052 1.9137380 1.9299363 1.9406692 2.6530780 
lcl|NC_001623.1_prot_NP_054155.1_1    4.2362548 3.6414619 4.1466119 3.6816051 4.4960239 3.7877768 3.9399582 4.6304691 3.8127312 4.5313395 1.9412846 0.2580927 0.0000000 0.0808239 0.6236102 7.1790439 3.9518286 2.1987350 1.0754742 2.4847194 3.3852332 1.9990948 2.1205450 2.2125945 2.2491951 2.0803549 2.2166657 2.2342083 2.3248573 2.9182667 
lcl|NC_001962.1_prot_NP_047522.1_1    4.4842118 3.6479919 3.9491564 3.7026504 4.2856577 3.8339196 3.8124261 4.4531573 3.5958069 4.3072710 2.0195723 0.3151776 0.0808239 0.0000000 0.6196265 8.9999990 3.9174404 2.3001501 1.0426960 2.4366585 3.2203420 2.0062820 2.1085064 2.1072195 2.1473339 2.0598514 2.0787101 2.0956391 2.2242146 2.8368179 
lcl|NC_019945.1_prot_YP_007250530.1_1 4.1853488 3.9397151 4.0499143 3.9683861 4.2531155 3.8460742 4.2021643 4.9477087 4.0975057 4.4461707 1.8733311 0.6122949 0.6236102 0.6196265 0.0000000 8.9999983 4.3070639 2.1479379 1.1206145 2.8261560 3.7777202 1.8481938 1.8979157 2.2193751 2.0847057 2.1674179 1.8973270 1.9124176 2.0415794 2.8990093 
lcl|NC_002169.1_prot_NP_037777.1_1    0.9921925 1.6963370 1.7260656 1.6884345 1.6709321 1.1764645 1.8747088 2.9456129 3.8193338 2.2013927 8.9999988 7.0814334 7.1790439 8.9999990 8.9999983 0.0000000 3.7283344 9.0000000 6.0053564 7.2941437 3.2728333 8.9999980 8.9999986 8.9999980 8.9999983 9.0000000 8.6255043 8.6255043 8.9999989 5.4104870 
lcl|NC_026511.1_prot_YP_009121834.1_1 3.0917120 2.9739227 3.0436697 3.0481166 3.2335078 3.0487012 3.5481895 2.1791360 3.7093676 2.9499400 5.2150427 4.0210799 3.9518286 3.9174404 4.3070639 3.7283344 0.0000000 5.2614896 4.3220567 3.7360602 2.9663038 5.0993409 4.7486278 4.6362884 5.6171734 5.7250187 4.9481133 4.9481133 5.2244120 3.5964184 
lcl|NC_021924.1_prot_YP_008378387.1_1 4.4548980 4.2980951 4.8141938 4.2553177 5.2306827 4.6509908 4.9974904 5.5212376 5.0547829 4.8365469 0.5529223 2.0235443 2.1987350 2.3001501 2.1479379 9.0000000 5.2614896 0.0000000 2.2958504 2.9103388 3.9949789 0.5126547 0.6252111 0.7960759 0.8042813 0.7340482 1.0900356 1.0997865 1.1203817 3.4094696 
lcl|NC_003083.1_prot_NP_203278.1_1    4.6497080 3.4474728 3.4247609 3.2578107 3.6516038 3.2236956 3.8776537 4.4598235 2.9987813 4.1332135 2.1220845 0.9287407 1.0754742 1.0426960 1.1206145 6.0053564 4.3220567 2.2958504 0.0000000 2.4251148 3.9202774 2.0104110 1.8834329 2.1876901 2.1238410 1.9861250 2.0133179 2.0315217 2.1026578 3.0694159 
lcl|NC_027923.1_prot_YP_009165628.1_1 4.2147450 3.7908483 3.8085351 3.6625350 3.9180184 3.9525298 3.6007262 3.9939074 3.8420426 5.4952784 3.0977886 2.3798080 2.4847194 2.4366585 2.8261560 7.2941437 3.7360602 2.9103388 2.4251148 0.0000000 3.5643674 2.8539544 2.8414604 2.9715014 3.0945978 3.3694389 2.8933312 2.8651375 3.1414972 2.1231071 
lcl|NC_003529.1_prot_NP_613099.1_1    1.8672430 1.9014733 1.8111267 1.8828644 1.9035655 1.8212774 1.9509887 2.5101297 2.6279871 1.7337711 3.7532069 3.2765974 3.3852332 3.2203420 3.7777202 3.2728333 2.9663038 3.9949789 3.9202774 3.5643674 0.0000000 3.5847503 3.5759974 3.3893072 3.4788844 3.3129922 3.8036284 3.8036284 3.9406819 3.9509943 
lcl|NC_023177.1_prot_YP_008992125.1_1 4.1712506 4.6008328 4.1258979 4.4415548 4.4315606 4.3466216 4.4820579 5.1288268 5.5101214 4.9095978 0.2073241 1.8157729 1.9990948 2.0062820 1.8481938 8.9999980 5.0993409 0.5126547 2.0104110 2.8539544 3.5847503 0.0000000 0.4101320 0.5991481 0.7701121 0.6928640 0.8020910 0.8102447 0.8616823 2.9637218 
lcl|NC_005137.2_prot_NP_932729.1_1    4.6647032 4.2345125 3.9264555 4.1836611 4.4364097 4.4428318 4.5504856 5.0722648 5.4573261 4.5615745 0.4574098 1.7607956 2.1205450 2.1085064 1.8979157 8.9999986 4.7486278 0.6252111 1.8834329 2.8414604 3.5759974 0.4101320 0.0000000 0.5009039 0.7380338 0.6589247 0.5623116 0.5694908 0.6881588 3.1954349 
lcl|NC_008035.3_prot_YP_611003.1_1    4.2337512 4.2178973 4.0786581 4.0749428 4.2072672 4.0719545 4.6718760 5.6011942 5.2388740 5.3269805 0.6821252 1.9490080 2.2125945 2.1072195 2.2193751 8.9999980 4.6362884 0.7960759 2.1876901 2.9715014 3.3893072 0.5991481 0.5009039 0.0000000 0.7674289 0.7284713 0.6473071 0.6550642 0.6360202 3.1566115 
lcl|NC_007767.1_prot_YP_473219.1_1    4.5752460 4.7057238 4.2576427 4.7330457 4.6675400 4.6746741 4.9643718 5.1500933 4.4656548 5.1815499 0.7852613 1.9455152 2.2491951 2.1473339 2.0847057 8.9999983 5.6171734 0.8042813 2.1238410 3.0945978 3.4788844 0.7701121 0.7380338 0.7674289 0.0000000 0.6532067 1.0201358 1.0297057 1.0365059 3.2652650 
lcl|NC_001875.2_prot_NP_046279.1_1    4.6980911 4.6116934 4.2897271 4.4717169 4.4584819 4.6850145 4.8236112 6.0193979 4.7800690 4.6812373 0.7267593 1.9357052 2.0803549 2.0598514 2.1674179 9.0000000 5.7250187 0.7340482 1.9861250 3.3694389 3.3129922 0.6928640 0.6589247 0.7284713 0.6532067 0.0000000 0.8146959 0.8234429 0.8943773 3.2046994 
lcl|NC_008520.2_prot_YP_803517.1_1    4.4051739 4.2238707 4.0374123 4.1811754 4.4266077 4.5235438 4.5912829 5.1444671 4.9447984 5.8201273 0.8197005 1.9137380 2.2166657 2.0787101 1.8973270 8.6255043 4.9481133 1.0900356 2.0133179 2.8933312 3.8036284 0.8020910 0.5623116 0.6473071 1.0201358 0.8146959 0.0000000 0.0047108 0.2029487 3.2751648 
lcl|NC_031761.1_prot_YP_009316053.1_1 4.4488135 4.2668681 4.0784666 4.2239498 4.4736014 4.5746308 4.6398568 5.1431683 4.9447984 5.8201273 0.8281529 1.9299363 2.2342083 2.0956391 1.9124176 8.6255043 4.9481133 1.0997865 2.0315217 2.8651375 3.8036284 0.8102447 0.5694908 0.6550642 1.0297057 0.8234429 0.0047108 0.0000000 0.2084255 3.3022640 
lcl|NC_026430.1_prot_YP_009118512.1_1 4.5757878 4.7661829 4.2183342 4.6194315 4.6287523 4.6214087 4.3611787 5.6192530 5.1501307 5.7443431 0.8968553 1.9406692 2.3248573 2.2242146 2.0415794 8.9999989 5.2244120 1.1203817 2.1026578 3.1414972 3.9406819 0.8616823 0.6881588 0.6360202 1.0365059 0.8943773 0.2029487 0.2084255 0.0000000 3.2121845 
lcl|NC_038371.1_prot_YP_009505952.1_1 4.5381170 4.7249042 4.4700800 4.7954137 4.6820988 4.2624676 4.4261242 5.3418054 4.3776430 5.7564515 2.9695218 2.6530780 2.9182667 2.8368179 2.8990093 5.4104870 3.5964184 3.4094696 3.0694159 2.1231071 3.9509943 2.9637218 3.1954349 3.1566115 3.2652650 3.2046994 3.2751648 3.3022640 3.2121845 0.0000000 
