78
lcl|NC_009011.2_prot_YP_001036356.1_1 0.0000000 0.3828298 0.1982065 0.2779500 0.1888958 0.5423771 0.5545997 0.4177469 0.2768969 0.5589264 1.1150491 0.4962238 0.4809041 0.4853870 0.3092233 1.0589441 1.3204937 1.2960932 1.2502968 1.3060724 1.4105284 1.3649270 1.3333001 1.1445885 1.5063852 1.0653031 1.3842811 1.5694438 1.3924763 1.5297655 1.2570980 1.3294803 1.3161684 1.5160562 1.3247050 1.0078369 1.4190180 1.2176632 1.5381298 1.2201635 1.6639938 1.3845655 1.3555414 1.6290105 1.6287440 1.2918334 1.6153616 1.6493032 3.9201816 4.0695373 4.0744205 1.5961359 3.9535298 3.7657442 3.8588154 1.5590398 1.5264078 3.7768677 4.3043261 3.9636852 3.9542604 4.2559489 3.9865377 3.9705356 4.6732061 3.9657376 3.7584656 4.4480100 4.3419541 4.5233445 4.2927016 2.1294345 4.3432045 4.4107470 4.4206977 6.6855924 6.9675693 7.4367061 
lcl|NC_024625.1_prot_YP_009049912.1_1 0.3828298 0.0000000 0.3495207 0.2674459 0.3604335 0.4933986 0.4946531 0.3798943 0.2731269 0.5552956 1.1193678 0.4024311 0.4030062 0.4098270 0.3285866 1.0128094 1.2017090 1.1735688 1.1110874 1.1589261 1.4028359 1.3545097 1.3519295 1.0452584 1.5667945 1.0582285 1.3620266 1.5975873 1.3908636 1.6013511 1.2788113 1.2730457 1.3264946 1.6609634 1.1528154 0.9355987 1.3671188 1.2611272 1.6063622 1.2114893 1.6557227 1.4293101 1.4550227 1.6759039 1.7055004 1.2251576 1.5557482 1.7005132 3.8693553 3.8170512 3.7903338 1.6233026 4.1204491 3.8011740 3.8264220 1.5882185 1.5805019 3.8336858 4.1858474 3.9045403 4.0477466 4.1774963 4.1234133 4.1306513 4.6250369 4.0896220 3.8900762 4.1059575 4.1190278 4.3185925 4.3786653 2.3384841 4.1851707 4.8814179 4.2938469 7.3907797 7.6834945 8.2796631 
lcl|NC_011616.1_prot_YP_002332766.1_1 0.1982065 0.3495207 0.0000000 0.2428057 0.0959826 0.4946216 0.5056403 0.3624021 0.2345769 0.5155475 1.0971901 0.4327706 0.4292268 0.4272376 0.2572143 1.0283628 1.2583334 1.2060152 1.1783966 1.2401177 1.3952263 1.3496880 1.3660777 1.1442462 1.5717734 1.1006175 1.3785255 1.5916148 1.3683281 1.5550435 1.2540713 1.1556773 1.3484563 1.5806771 1.2461417 0.9380978 1.3463284 1.2577598 1.6147603 1.2294619 1.7357228 1.3762331 1.3674576 1.7265981 1.6526149 1.2058735 1.5924656 1.5938714 3.7580715 4.3065364 4.2693162 1.6433738 4.0385368 3.8299913 3.9722039 1.5590720 1.5860896 3.8092404 4.2552751 3.9643934 4.0693077 4.1408884 4.1804095 4.1541203 4.3609805 4.0920085 3.9303008 4.2351250 3.9728850 4.1922148 4.0994904 2.1741363 4.2887538 4.1810824 4.4521586 7.0463709 7.3157035 7.8399325 
lcl|NC_011345.1_prot_YP_002268108.1_1 0.2779500 0.2674459 0.2428057 0.0000000 0.2362951 0.4737695 0.4901094 0.3464746 0.0637823 0.5153601 1.0794764 0.3747773 0.3765262 0.3830317 0.2285225 0.9615976 1.1660304 1.1417030 1.0735154 1.1849256 1.2921372 1.2439692 1.2784767 1.1187032 1.5042964 1.0094004 1.2863367 1.4638171 1.3554720 1.4901893 1.2121935 1.1989736 1.2969207 1.4698011 1.1727179 0.9024091 1.3109618 1.1882929 1.5319130 1.1638649 1.6201203 1.3412560 1.3522022 1.6121972 1.6213987 1.1534647 1.4618178 1.6008594 3.8813410 3.9175459 3.9722756 1.5174644 4.1345473 3.6954288 3.8823171 1.5322884 1.5202854 3.8730664 4.2985360 3.9645360 3.9129568 4.2116449 4.1975466 4.1813538 4.6752248 4.0744635 3.9879050 3.9329686 3.9758295 4.5951459 4.0626137 2.0775723 4.1410702 4.3955200 4.1608391 6.8667630 7.0830694 7.5930668 
lcl|NC_002169.1_prot_NP_037824.1_1    0.1888958 0.3604335 0.0959826 0.2362951 0.0000000 0.5221122 0.5456086 0.3604959 0.2396655 0.5270221 1.0805501 0.4374489 0.4287032 0.4240737 0.2423256 1.0007725 1.2412074 1.2289353 1.1764145 1.2283698 1.4291418 1.3809458 1.3805470 1.1647873 1.5337230 1.1072826 1.3747338 1.5899895 1.3687021 1.5236158 1.2195326 1.1539393 1.3671770 1.5772567 1.2667133 0.9742056 1.3922416 1.2375327 1.6143776 1.2294744 1.6937179 1.3651479 1.3542232 1.6923820 1.6575229 1.2042642 1.6289499 1.6242834 3.7483309 4.1324887 4.0694109 1.6489267 3.9475620 3.7259502 3.8899601 1.5609032 1.5563058 3.7715909 4.1819710 3.9825852 4.0161427 3.9379147 4.1335303 4.0508214 4.2619837 4.0048443 3.8348016 4.1572791 3.9011031 4.1655919 4.0673160 2.1064978 4.1697538 4.1624674 4.3687902 6.6542957 6.9425791 7.6831338 
lcl|NC_007151.1_prot_YP_249698.1_1    0.5423771 0.4933986 0.4946216 0.4737695 0.5221122 0.0000000 0.0685337 0.4854503 0.4803610 0.0955921 1.0067577 0.5021556 0.5009958 0.5063001 0.5479127 0.8671454 1.1379389 1.1001982 0.9874942 1.1254850 1.2560640 1.2215604 1.3017361 0.9861622 1.4018474 0.9275362 1.2313623 1.4322385 1.2812103 1.4075907 1.1373889 1.1216321 1.1901400 1.4005535 1.0457436 0.9263075 1.1020224 1.1179368 1.3895408 1.0996842 1.4702291 1.2418542 1.2394496 1.4655643 1.4815072 1.0108252 1.3578212 1.5667686 3.2913901 3.6010357 3.6749714 1.4684869 3.6417919 3.4203453 3.5573208 1.1693462 1.3324667 3.4345022 3.8028916 3.5064576 3.5012433 3.7447689 3.6847080 3.6931182 4.0716095 3.6384203 3.5512911 3.8072767 3.6214703 3.6333781 3.7480822 1.9571173 3.6474741 4.0658042 3.6793778 7.1373884 7.4561420 8.0555289 
lcl|NC_026268.1_prot_YP_009117005.1_1 0.5545997 0.4946531 0.5056403 0.4901094 0.5456086 0.0685337 0.0000000 0.5112473 0.4992103 0.0784087 0.9965313 0.5401917 0.5502299 0.5508042 0.5737884 0.8888722 1.2022635 1.1392082 0.9827860 1.1478441 1.2997640 1.2645538 1.3193142 1.0173607 1.4495231 0.9147687 1.2788761 1.4835277 1.3832593 1.4534033 1.1237344 1.1222324 1.2423747 1.4325160 1.0963191 0.9578504 1.1532964 1.1334811 1.4091660 1.1206279 1.5405825 1.2301148 1.2343677 1.5633533 1.5230175 1.0732709 1.3452919 1.6583286 3.4507319 3.7753423 3.8409263 1.4823061 3.8186128 3.5770158 3.6373740 1.2756391 1.3666380 3.5334671 3.9021713 3.5631116 3.5550632 3.7892501 3.7335767 3.7699504 4.0161363 3.7807241 3.6273264 3.8424087 3.7052323 3.6737618 3.8301464 2.0607435 3.8108716 4.0812261 3.7399735 6.7073565 6.8818023 7.9653051 
lcl|NC_043530.1_prot_YP_009666735.1_1 0.4177469 0.3798943 0.3624021 0.3464746 0.3604959 0.4854503 0.5112473 0.0000000 0.3320747 0.5152212 1.0851953 0.3876103 0.4051908 0.4016590 0.3600094 0.9601561 1.2557632 1.2277953 1.1473114 1.1991621 1.4294269 1.3844678 1.4198659 1.1622545 1.5557565 1.0200905 1.4269482 1.5939592 1.4242288 1.5567063 1.2644864 1.1631349 1.2687145 1.6016156 1.1840788 0.9770856 1.4066947 1.1918847 1.5879094 1.1830656 1.7060714 1.3578978 1.3798904 1.6604755 1.6115634 1.2931850 1.6471773 1.5297099 3.4521879 3.6960415 3.7596434 1.6608899 3.4606358 3.4554701 3.6384540 1.4721308 1.6508776 3.4869485 3.8998462 3.2089919 3.5760423 3.9617507 3.4163409 3.5448587 4.2098377 3.3276236 3.3570641 3.6275303 3.9273711 3.7581486 3.6346610 2.2525906 3.7837003 4.3398561 4.0383636 7.4313174 7.8003088 8.1710276 
lcl|NC_025960.1_prot_YP_009112629.1_1 0.2768969 0.2731269 0.2345769 0.0637823 0.2396655 0.4803610 0.4992103 0.3320747 0.0000000 0.5084721 1.0471999 0.3719887 0.3701584 0.3766881 0.2370036 0.9660763 1.1443577 1.1212774 1.1156729 1.1572684 1.2933194 1.2607190 1.2724661 1.0589507 1.5079037 0.9958161 1.2743418 1.5205070 1.3880268 1.4894230 1.1690786 1.1346170 1.2635409 1.5113220 1.1672365 0.9007978 1.3115226 1.1521880 1.5457118 1.1219834 1.6463685 1.3501745 1.3329071 1.6048347 1.6185445 1.1642678 1.5254127 1.5370421 3.9103983 3.8692244 3.9564583 1.5263236 4.0967076 3.7253704 3.9168307 1.4926926 1.4961477 3.8466652 4.2921648 3.9489679 3.9452288 4.2830141 4.2173040 4.2083028 4.7901911 4.2012637 4.0126564 3.9798180 3.9433804 4.4706546 4.0515329 2.0563696 4.1465429 4.3119726 4.2358224 6.9285206 7.1341754 7.7203691 
lcl|NC_007383.1_prot_YP_308978.1_1    0.5589264 0.5552956 0.5155475 0.5153601 0.5270221 0.0955921 0.0784087 0.5152212 0.5084721 0.0000000 0.9929179 0.5397683 0.5364177 0.5313914 0.5670262 0.9003043 1.2133304 1.1372466 0.9908155 1.1824829 1.3114104 1.2789735 1.3278006 1.0760593 1.3998055 0.9508438 1.2884582 1.4360348 1.3425382 1.4385325 1.1692169 1.0755491 1.1915908 1.4910646 1.1103889 0.9392257 1.1387539 1.0844797 1.4201230 1.0834667 1.5628372 1.2533196 1.2684551 1.5571077 1.5586077 1.0576066 1.4247434 1.5806791 3.3229443 3.5587722 3.6178912 1.5057948 3.7817608 3.4196629 3.5195219 1.2435619 1.3766811 3.3366862 3.6768341 3.6677019 3.5087412 3.6203554 3.7772100 3.8399295 4.0664157 3.7864491 3.6519954 3.7819763 3.6797368 3.5162210 3.8405166 1.9355995 3.7454339 4.0315210 3.5167074 7.0167727 7.2355104 8.4114308 
lcl|NC_010276.1_prot_YP_001650998.1_1 1.1150491 1.1193678 1.0971901 1.0794764 1.0805501 1.0067577 0.9965313 1.0851953 1.0471999 0.9929179 0.0000000 1.0649190 1.0598568 1.0611842 1.0502501 0.5919493 1.1169569 1.0560623 0.7321407 0.9735257 1.7034372 1.6418418 1.6955467 1.1337102 1.6215531 1.3161134 1.7224315 1.6385088 1.7407551 1.6333119 0.9466683 0.7870132 1.6885075 1.6998573 0.7149827 1.3961110 1.1053808 1.5749418 1.6464112 1.5300040 1.7112513 1.5355791 1.5391839 1.7439033 1.6680439 0.8176005 1.7183319 1.9065209 4.0956708 4.1981364 4.2198870 1.7135688 4.0439718 3.7192423 4.0713303 1.6945865 1.9913899 4.1442434 4.2484929 4.2268064 3.8635467 4.3101879 4.0782876 4.0477296 5.0421759 3.7452645 4.1020606 4.3601366 4.4075742 4.7697442 4.3850045 2.2853255 4.8274965 5.0849327 4.5315431 6.5779489 6.7239800 7.1169652 
lcl|NC_003529.1_prot_NP_613168.1_1    0.4962238 0.4024311 0.4327706 0.3747773 0.4374489 0.5021556 0.5401917 0.3876103 0.3719887 0.5397683 1.0649190 0.0000000 0.0768393 0.0806220 0.4098061 0.9608671 1.1428202 1.1612131 1.1151946 1.1099358 1.3817368 1.3116773 1.3252816 1.0863568 1.5835623 0.9714030 1.3782143 1.5913878 1.4128275 1.5676808 1.3108346 1.0942224 1.3013765 1.6014484 1.0885685 0.9403445 1.2550138 1.2382735 1.6456954 1.2506980 1.7347102 1.3556749 1.3876587 1.6526928 1.6933184 1.1448234 1.5905335 1.5670217 4.0889085 4.2998264 4.2597398 1.6597935 4.8125923 3.9350671 4.0054930 1.4772401 1.5373348 4.1510633 4.3049221 4.4633858 4.0302369 4.4800283 4.6091467 4.6914922 5.1152288 4.4807518 4.4621400 4.2329806 4.6114356 4.3543326 4.1232517 2.2453601 4.3766202 4.7244788 4.2088025 7.0133477 7.4688684 7.7032127 
lcl|NC_004117.1_prot_NP_689259.1_1    0.4809041 0.4030062 0.4292268 0.3765262 0.4287032 0.5009958 0.5502299 0.4051908 0.3701584 0.5364177 1.0598568 0.0768393 0.0000000 0.0055709 0.3986290 0.9419430 1.1514281 1.1512458 1.1145880 1.1473939 1.3877445 1.3267856 1.3520096 1.1505180 1.6451944 0.9333318 1.3960437 1.6269764 1.4118768 1.6138691 1.2804442 1.1025135 1.2861629 1.6101012 1.1057230 0.9303572 1.2833376 1.2520654 1.6378349 1.2655958 1.7181924 1.3683178 1.3877846 1.6615997 1.6850170 1.1987126 1.6404055 1.5447988 3.9317362 4.1826882 4.1444977 1.6782269 4.8364243 4.1576972 4.1313704 1.4818001 1.4877492 4.3182280 4.2257179 4.5081470 4.1407117 4.4340346 4.6300105 4.7120611 4.7806841 4.4567660 4.4821839 4.1789998 4.6224164 4.4107248 4.0459880 2.2007722 4.4733338 4.7393188 4.3516335 6.8479286 7.3841467 7.6232712 
lcl|NC_023681.1_prot_YP_009011140.1_1 0.4853870 0.4098270 0.4272376 0.3830317 0.4240737 0.5063001 0.5508042 0.4016590 0.3766881 0.5313914 1.0611842 0.0806220 0.0055709 0.0000000 0.4054037 0.9292590 1.1486317 1.1474467 1.1065680 1.1563074 1.3954246 1.3342470 1.3595613 1.1453035 1.6568657 0.9329346 1.3861015 1.6385811 1.4027129 1.6254168 1.2865527 1.0904948 1.2886992 1.6223585 1.1053880 0.9336894 1.2968244 1.2499262 1.6399518 1.2682377 1.7388194 1.3654794 1.3849140 1.6814873 1.7050199 1.2045935 1.6504082 1.5399242 3.9217549 4.1722133 4.1341264 1.6883205 4.8381385 4.1649070 4.1385474 1.4705305 1.4853805 4.3073800 4.2150741 4.5097627 4.1421813 4.4229424 4.6316695 4.7137472 4.7733554 4.4583605 4.4838015 4.1684680 4.6109187 4.4229411 4.0445921 2.2018635 4.4620195 4.6868023 4.3411541 6.8931460 7.4338554 7.6746682 
lcl|NC_007921.1_prot_YP_529741.1_1    0.3092233 0.3285866 0.2572143 0.2285225 0.2423256 0.5479127 0.5737884 0.3600094 0.2370036 0.5670262 1.0502501 0.4098061 0.3986290 0.4054037 0.0000000 1.0039415 1.2486206 1.2532439 1.2087495 1.1765267 1.4784621 1.4337375 1.4340099 1.1879679 1.5024476 1.0099791 1.4206087 1.5161097 1.3886144 1.5001589 1.2526327 1.2152245 1.3957502 1.4532273 1.2508439 0.9606301 1.3601205 1.3802800 1.5071468 1.3644009 1.6015223 1.4082173 1.3960459 1.5908448 1.5449879 1.3041048 1.5842861 1.6943111 3.8022180 4.2211567 4.2153227 1.5403183 4.2731264 4.0285512 4.0431973 1.6990929 1.6923412 4.1756251 4.4280543 3.8584171 4.1892981 4.5677805 4.1099385 4.2740312 4.8741327 3.9842859 4.0689318 4.1051819 4.1059038 4.5781256 4.6821838 2.2333404 4.4432929 4.5618271 4.5943600 7.5304043 7.8612146 8.2162967 
lcl|NC_021923.1_prot_YP_008378305.1_1 1.0589441 1.0128094 1.0283628 0.9615976 1.0007725 0.8671454 0.8888722 0.9601561 0.9660763 0.9003043 0.5919493 0.9608671 0.9419430 0.9292590 1.0039415 0.0000000 1.1257582 1.0537807 0.7057129 0.9386112 1.4775825 1.3935903 1.3805477 1.0290669 1.6291560 1.2898999 1.5072227 1.6275197 1.5263170 1.5778446 0.7981937 0.7734551 1.5556848 1.7120367 0.6490205 1.3586114 0.9412230 1.4351911 1.7263638 1.4380615 1.7381973 1.4131130 1.4242601 1.8172516 1.7549664 0.6964841 1.6712175 1.8225407 3.8488775 4.0885958 4.1707481 1.7870201 4.3858830 4.0011727 4.0124491 1.5404317 1.8217264 4.2972419 4.0803624 4.3581533 4.3024463 3.9089349 4.1433744 4.1932807 5.1324839 4.3773904 4.1496142 4.7611313 4.2038338 4.7460956 4.2710147 2.1579358 4.6303211 5.3420448 4.6844994 7.2514222 7.5795008 7.4246137 
lcl|NC_001973.1_prot_NP_047739.1_1    1.3204937 1.2017090 1.2583334 1.1660304 1.2412074 1.1379389 1.2022635 1.2557632 1.1443577 1.2133304 1.1169569 1.1428202 1.1514281 1.1486317 1.2486206 1.1257582 0.0000000 0.0867501 1.1702663 1.1375768 1.7425579 1.6612458 1.7030364 0.9789880 1.6539091 1.3992527 1.6441091 1.6635500 1.6575012 1.5844439 1.2441143 1.1407013 1.6774854 1.7452775 1.1679095 1.4564197 1.1469762 1.8176585 1.7539679 1.8640047 1.8449888 1.6910305 1.6877043 1.8462495 1.7403214 1.1632319 1.6913392 1.8828020 4.1878175 4.7353680 4.7640649 1.7832899 4.1964461 4.1624024 4.1359297 1.6939963 2.2445830 4.4181261 4.7362839 4.5463120 4.4474204 4.5784456 4.4761961 4.3967316 4.8882602 4.6893770 4.2817958 4.3365835 3.9683682 4.2406926 4.1407537 2.4249123 4.7437857 4.7920404 4.6023221 7.5351143 7.4773061 7.9018137 
lcl|NC_013953.1_prot_YP_003517838.1_1 1.2960932 1.1735688 1.2060152 1.1417030 1.2289353 1.1001982 1.1392082 1.2277953 1.1212774 1.1372466 1.0560623 1.1612131 1.1512458 1.1474467 1.2532439 1.0537807 0.0867501 0.0000000 1.1157625 1.1236276 1.7568544 1.6749481 1.6962979 1.0138413 1.6767433 1.4239461 1.6750113 1.6923534 1.6862743 1.6013070 1.1620026 1.1065056 1.7380699 1.7496104 1.1595476 1.4391998 1.1031357 1.7293013 1.7735202 1.7447920 1.8414786 1.6757029 1.6752066 1.8353905 1.7910766 1.1000294 1.7073456 1.8898567 4.1329665 4.5270594 4.5572599 1.7487763 4.2158998 4.1326014 4.1145083 1.6507318 2.1157792 4.3216874 4.6469172 4.5860210 4.3042135 4.5499094 4.4000573 4.3454509 4.7662366 4.5449735 4.2309921 4.2826645 3.8535400 4.3026761 3.9833670 2.3418043 4.5633982 4.6858961 4.4863549 7.5310247 7.4756699 7.6537367 
lcl|NC_008586.1_prot_YP_874273.1_1    1.2502968 1.1110874 1.1783966 1.0735154 1.1764145 0.9874942 0.9827860 1.1473114 1.1156729 0.9908155 0.7321407 1.1151946 1.1145880 1.1065680 1.2087495 0.7057129 1.1702663 1.1157625 0.0000000 1.0986736 1.8364177 1.7881975 1.8129149 1.1139703 1.7707523 1.3159628 1.7959664 1.7960516 1.8301792 1.7320001 1.0013366 0.9782362 1.7448945 1.9276590 0.8133838 1.2390860 1.0709303 1.5442380 1.9156054 1.5627269 1.9435270 1.4151625 1.4447494 1.9306651 1.9313893 0.9084709 1.8227471 1.9422133 3.6873932 4.3952597 4.3597893 1.9836410 4.3103939 3.7838093 3.9892572 1.4978291 1.7960321 3.8598169 4.4195725 4.0786620 4.3242762 4.1249278 4.2064346 4.1987072 4.7828249 4.5395453 4.1658920 4.0143125 4.0305469 4.5323829 4.3573039 2.1600731 4.5347258 4.4759021 4.8806307 6.0483560 6.3257470 6.2305915 
lcl|NC_026922.1_prot_YP_009133259.1_1 1.3060724 1.1589261 1.2401177 1.1849256 1.2283698 1.1254850 1.1478441 1.1991621 1.1572684 1.1824829 0.9735257 1.1099358 1.1473939 1.1563074 1.1765267 0.9386112 1.1375768 1.1236276 1.0986736 0.0000000 1.6997913 1.6186550 1.6968817 1.1069386 1.6894317 1.3641178 1.6991154 1.6653101 1.6513440 1.6724775 1.1430821 1.2058937 1.6003889 1.7912337 1.1438337 1.5220508 1.1532452 1.6674135 1.7737238 1.6658900 1.7674542 1.6800215 1.7014585 1.8644896 1.7584154 1.1058925 1.7344294 1.9303766 3.8522860 4.5227848 4.5687818 1.8321161 4.3207742 4.0828092 4.5438952 1.7628822 2.2555705 4.2659115 4.1911300 4.2219562 4.3080659 4.5353685 4.4678131 4.4868991 4.9217088 4.3471524 4.2772151 4.4506679 4.2041157 4.5252678 4.8273657 2.6231582 4.8780280 5.5799425 4.3516683 7.5386650 7.7089328 7.0759107 
lcl|NC_001962.1_prot_NP_047502.1_1    1.4105284 1.4028359 1.3952263 1.2921372 1.4291418 1.2560640 1.2997640 1.4294269 1.2933194 1.3114104 1.7034372 1.3817368 1.3877445 1.3954246 1.4784621 1.4775825 1.7425579 1.7568544 1.8364177 1.6997913 0.0000000 0.0312446 0.1634398 1.6392221 0.6226082 1.6735248 0.1093066 0.6269120 0.3042685 0.6003762 1.7901066 1.7393231 0.4619611 0.6418652 1.7296156 1.5639295 1.6897404 1.6890493 0.7026066 1.6532991 0.7290505 1.8385742 1.8637830 0.7458095 0.7092989 1.5794522 0.5615703 0.5685961 3.8047820 3.9115922 3.8482029 0.6768971 4.1583689 4.1378021 4.2295281 2.0964915 1.9763586 4.1661254 4.2137303 4.3637719 4.0462448 4.2443122 4.4846907 4.3236480 4.0626745 4.0903535 4.2028382 4.0951319 3.5199320 4.1290758 4.2969912 2.6254188 4.4167845 4.1699860 4.3764075 8.9999986 8.9999987 8.9999985 
lcl|NC_001623.1_prot_NP_054131.1_1    1.3649270 1.3545097 1.3496880 1.2439692 1.3809458 1.2215604 1.2645538 1.3844678 1.2607190 1.2789735 1.6418418 1.3116773 1.3267856 1.3342470 1.4337375 1.3935903 1.6612458 1.6749481 1.7881975 1.6186550 0.0312446 0.0000000 0.1380755 1.5908942 0.6053303 1.6306922 0.0955743 0.6089981 0.2876928 0.5818817 1.7143426 1.6481106 0.4319983 0.6090319 1.6573655 1.5134223 1.5909184 1.6938710 0.6876238 1.6579530 0.7058699 1.8121579 1.8370070 0.7220860 0.6903354 1.5381048 0.5443006 0.5438016 3.8890389 4.0114925 3.9456757 0.6595166 4.1061290 4.2039309 4.3356075 1.9665830 2.0037668 4.1742977 4.2912602 4.3079920 3.9865339 4.2914589 4.3854157 4.2290958 4.0735349 4.0051765 4.1117029 4.1521223 3.6355469 4.2122945 4.2450249 2.6479606 4.4634881 4.0674879 4.3567427 8.9999983 8.9999985 8.9999990 
lcl|NC_019945.1_prot_YP_007250508.1_1 1.3333001 1.3519295 1.3660777 1.2784767 1.3805470 1.3017361 1.3193142 1.4198659 1.2724661 1.3278006 1.6955467 1.3252816 1.3520096 1.3595613 1.4340099 1.3805477 1.7030364 1.6962979 1.8129149 1.6968817 0.1634398 0.1380755 0.0000000 1.6427967 0.6175949 1.7293248 0.2050345 0.6183968 0.3468395 0.6044755 1.6732684 1.7050121 0.4669549 0.6402446 1.7145224 1.5518002 1.6568590 1.8125076 0.7225029 1.8086578 0.7607570 1.7808820 1.8055628 0.7536383 0.7027747 1.5430579 0.5749714 0.6266760 4.1485830 4.1428400 4.0804960 0.6829206 4.2362411 4.3962012 4.5584577 2.0322857 2.1564964 4.4147569 4.5758969 4.4303417 3.9949325 4.5326310 4.4688410 4.2710409 4.4568898 4.3016860 4.1919667 4.3279952 3.8617220 4.4163625 4.6931001 2.6600195 4.7874759 4.5504536 4.6297100 8.9999983 8.9999983 8.9999986 
lcl|NC_008293.1_prot_YP_717625.1_1    1.1445885 1.0452584 1.1442462 1.1187032 1.1647873 0.9861622 1.0173607 1.1622545 1.0589507 1.0760593 1.1337102 1.0863568 1.1505180 1.1453035 1.1879679 1.0290669 0.9789880 1.0138413 1.1139703 1.1069386 1.6392221 1.5908942 1.6427967 0.0000000 1.6802753 1.2703699 1.6080575 1.7043140 1.5867593 1.6965309 1.3146507 1.1565902 1.5274001 1.8377289 1.1352918 1.2356778 0.8569579 1.6007873 1.7162223 1.6122451 1.7534515 1.5633305 1.5334914 1.7313426 1.8061008 1.1438146 1.6532257 1.9715090 4.4268734 4.6922871 4.6040304 1.7089873 4.7346202 4.5757200 4.4519624 1.6536967 2.0730921 4.5128838 5.0420711 4.4701055 4.6012524 4.8736914 4.5320281 4.6694028 5.4253792 4.9903717 4.4960289 4.9423118 4.6706839 4.5772404 4.8089110 2.3880686 4.4550425 4.9788280 4.6467209 7.4995354 7.6877696 8.0761653 
lcl|NC_026430.1_prot_YP_009118533.1_1 1.5063852 1.5667945 1.5717734 1.5042964 1.5337230 1.4018474 1.4495231 1.5557565 1.5079037 1.3998055 1.6215531 1.5835623 1.6451944 1.6568657 1.5024476 1.6291560 1.6539091 1.6767433 1.7707523 1.6894317 0.6226082 0.6053303 0.6175949 1.6802753 0.0000000 1.7912924 0.6315961 0.0704604 0.7046982 0.0461651 1.8084800 1.8413600 0.7371893 0.2734150 1.7824208 1.7299265 1.8550151 1.9018987 0.2648034 1.8959174 0.2735425 1.8748038 1.8837217 0.2775643 0.2538084 1.7255179 0.1923512 0.8406430 4.8669809 4.4987823 4.4415621 0.2472553 4.1144610 4.5584082 4.7989559 2.1543225 2.2515256 4.4110206 5.0523210 4.2543407 4.3531403 5.0631065 4.2892623 4.2556392 5.2339578 4.1420167 4.0818694 4.6431462 4.1139313 4.6994007 4.5534339 2.9017030 5.5949726 4.6960619 4.9179323 8.3200894 8.5532246 8.5206834 
lcl|NC_040606.1_prot_YP_009552221.1_1 1.0653031 1.0582285 1.1006175 1.0094004 1.1072826 0.9275362 0.9147687 1.0200905 0.9958161 0.9508438 1.3161134 0.9714030 0.9333318 0.9329346 1.0099791 1.2898999 1.3992527 1.4239461 1.3159628 1.3641178 1.6735248 1.6306922 1.7293248 1.2703699 1.7912924 0.0000000 1.6291236 1.7961504 1.7701470 1.7629778 1.3211545 1.4487941 1.5890548 1.7893734 1.5242540 1.2327964 1.4061660 1.3142748 1.8473586 1.3579180 1.9201035 1.4768585 1.4895976 1.9415142 1.8505201 1.3844083 1.8975600 1.7766074 3.5448623 4.1375539 4.2674241 1.9195197 4.4771221 4.1463222 4.1985704 1.7070988 1.4785381 4.0153388 4.5040486 4.2526025 4.4433230 4.3118092 4.1904728 4.2440755 4.6338324 4.2653278 4.0205486 4.1035612 4.1830232 4.2507626 4.0891096 2.1169496 4.1350079 4.6628153 4.2746371 8.3878508 8.6333451 8.9999990 
lcl|NC_008725.1_prot_YP_950808.1_1    1.3842811 1.3620266 1.3785255 1.2863367 1.3747338 1.2313623 1.2788761 1.4269482 1.2743418 1.2884582 1.7224315 1.3782143 1.3960437 1.3861015 1.4206087 1.5072227 1.6441091 1.6750113 1.7959664 1.6991154 0.1093066 0.0955743 0.2050345 1.6080575 0.6315961 1.6291236 0.0000000 0.6380037 0.3239421 0.6196738 1.7516361 1.6697205 0.4715920 0.6310887 1.7609568 1.5783111 1.6517541 1.7087289 0.7221741 1.6769860 0.7557226 1.8148390 1.8345577 0.7652291 0.7425227 1.5859817 0.5885097 0.5345177 4.0733255 4.0738931 4.0071071 0.7157788 4.3388822 4.5015303 4.4152622 1.9563575 2.0362173 4.2332900 4.4116368 4.4031918 4.0803063 4.3273381 4.4665095 4.2992216 4.2458462 4.3992635 4.1796980 4.1025200 3.6508057 4.1344337 4.4601271 2.6630786 4.4307710 4.0788647 4.3501064 8.6364411 8.7217677 8.9999981 
lcl|NC_031761.1_prot_YP_009316080.1_1 1.5694438 1.5975873 1.5916148 1.4638171 1.5899895 1.4322385 1.4835277 1.5939592 1.5205070 1.4360348 1.6385088 1.5913878 1.6269764 1.6385811 1.5161097 1.6275197 1.6635500 1.6923534 1.7960516 1.6653101 0.6269120 0.6089981 0.6183968 1.7043140 0.0704604 1.7961504 0.6380037 0.0000000 0.7235245 0.0372160 1.8628126 1.9181153 0.7408833 0.2472897 1.7453611 1.7679965 1.8586630 1.9170659 0.2520656 1.9257272 0.2847911 1.8618844 1.8605809 0.2847317 0.2593232 1.6742509 0.1886789 0.8493839 4.8760256 4.5699443 4.6183399 0.2510963 4.1513318 4.6942395 4.6688416 2.0992763 2.2331944 4.5380327 5.2056523 4.2884240 4.3735569 5.2402549 4.3677223 4.3515834 5.0588659 4.2332180 4.1724550 4.4246909 4.1811085 4.6498391 4.6353752 2.7772569 5.4632227 4.7084994 4.7688625 8.0337915 8.2735439 8.5897439 
lcl|NC_030240.1_prot_YP_009255302.1_1 1.3924763 1.3908636 1.3683281 1.3554720 1.3687021 1.2812103 1.3832593 1.4242288 1.3880268 1.3425382 1.7407551 1.4128275 1.4118768 1.4027129 1.3886144 1.5263170 1.6575012 1.6862743 1.8301792 1.6513440 0.3042685 0.2876928 0.3468395 1.5867593 0.7046982 1.7701470 0.3239421 0.7235245 0.0000000 0.7120710 1.8447249 1.8274410 0.5374812 0.7179919 1.7580942 1.6656040 1.6568873 1.7342571 0.7626934 1.7509452 0.8001470 1.7975138 1.7485558 0.7943140 0.8059619 1.6075689 0.6953080 0.5989342 3.8589660 4.4066422 4.4071887 0.7700917 4.1027830 4.0783518 4.4305075 1.9421413 2.0579308 4.0941436 4.2090229 4.1659714 4.1452272 4.4966428 4.2946167 4.1339894 4.2685794 4.0318794 4.0792508 4.0150814 3.8394963 4.3615238 4.3201649 2.7173359 4.6354223 4.0605435 4.5968994 8.9999989 8.9999989 8.9999984 
lcl|NC_005137.2_prot_NP_932702.1_1    1.5297655 1.6013511 1.5550435 1.4901893 1.5236158 1.4075907 1.4534033 1.5567063 1.4894230 1.4385325 1.6333119 1.5676808 1.6138691 1.6254168 1.5001589 1.5778446 1.5844439 1.6013070 1.7320001 1.6724775 0.6003762 0.5818817 0.6044755 1.6965309 0.0461651 1.7629778 0.6196738 0.0372160 0.7120710 0.0000000 1.8283671 1.8353948 0.7167910 0.2589793 1.7090551 1.7586462 1.8388863 1.8383168 0.2601490 1.8333349 0.2836204 1.8482695 1.8600813 0.2877487 0.2452938 1.6711930 0.1795256 0.8334343 4.7679996 4.5804273 4.5271277 0.2452201 3.9771184 4.5368051 4.5370521 2.0805207 2.1658745 4.4475226 4.9305796 4.2014261 4.4800074 5.1107227 4.2680051 4.2407865 5.0718947 4.1195394 4.0671968 4.6066943 4.0029857 4.6622314 4.4634724 2.7521399 5.6150827 4.6410732 4.8476989 7.7601783 7.9771507 8.1185258 
lcl|NC_023442.1_prot_YP_009001854.1_1 1.2570980 1.2788113 1.2540713 1.2121935 1.2195326 1.1373889 1.1237344 1.2644864 1.1690786 1.1692169 0.9466683 1.3108346 1.2804442 1.2865527 1.2526327 0.7981937 1.2441143 1.1620026 1.0013366 1.1430821 1.7901066 1.7143426 1.6732684 1.3146507 1.8084800 1.3211545 1.7516361 1.8628126 1.8447249 1.8283671 0.0000000 1.0536549 1.7700335 1.8382283 0.9229586 1.5495365 1.1977401 1.6222468 1.9379042 1.6252302 2.0316550 1.5960525 1.5899485 2.0647428 1.9524388 0.4558940 1.9139935 1.9883520 4.2940900 4.7086716 4.7078352 1.9824480 4.6731677 4.2075187 4.6251085 1.6147167 2.1078893 4.5861524 4.8833222 4.4032441 5.2522889 4.6970688 4.7078060 4.7667420 5.1361473 4.7919884 4.6343711 5.1030922 4.6209134 5.0445096 4.7017687 2.3570141 4.6535455 5.5012334 5.0625948 7.0579074 7.4549684 8.9999984 
lcl|NC_018504.1_prot_YP_006607836.1_1 1.3294803 1.2730457 1.1556773 1.1989736 1.1539393 1.1216321 1.1222324 1.1631349 1.1346170 1.0755491 0.7870132 1.0942224 1.1025135 1.0904948 1.2152245 0.7734551 1.1407013 1.1065056 0.9782362 1.2058937 1.7393231 1.6481106 1.7050121 1.1565902 1.8413600 1.4487941 1.6697205 1.9181153 1.8274410 1.8353948 1.0536549 0.0000000 1.7600993 1.9184225 0.8772038 1.4823621 1.1215518 1.7882458 1.9978413 1.8214463 2.0381821 1.6393620 1.6464466 2.0881608 2.0115254 0.9611179 1.9427641 1.9249529 4.2043946 4.3957785 4.2965168 2.0155912 4.5961862 4.2073832 4.3321156 1.8318398 2.1033055 4.0695935 4.5846740 4.6319272 4.3962726 4.4683080 4.5788284 4.6472389 5.2225344 4.4450574 4.6309485 5.1906312 4.4358320 5.3126879 4.4939838 2.5384194 4.7169533 5.3746581 5.0290858 6.8329110 6.9171966 7.3178835 
lcl|NC_043520.1_prot_YP_009666408.1_1 1.3161684 1.3264946 1.3484563 1.2969207 1.3671770 1.1901400 1.2423747 1.2687145 1.2635409 1.1915908 1.6885075 1.3013765 1.2861629 1.2886992 1.3957502 1.5556848 1.6774854 1.7380699 1.7448945 1.6003889 0.4619611 0.4319983 0.4669549 1.5274001 0.7371893 1.5890548 0.4715920 0.7408833 0.5374812 0.7167910 1.7700335 1.7600993 0.0000000 0.8224482 1.8389068 1.5432080 1.7403090 1.6652322 0.8444982 1.6551527 0.8591407 1.7510572 1.7166447 0.8452521 0.8074810 1.6813467 0.8068130 0.7308599 3.7760934 4.1043087 4.0976218 0.8408401 4.0186822 4.0573395 4.2692072 1.8559133 2.1064534 4.1492977 4.0450819 3.8737265 3.8193284 4.2890521 4.1325889 4.0704623 3.9717831 3.7631532 4.0120019 3.8770511 3.7542177 4.1231328 4.1383376 2.5770037 4.2991487 4.5199548 4.0960879 8.9999987 8.9999980 8.9999980 
lcl|NC_003083.1_prot_NP_203257.1_1    1.5160562 1.6609634 1.5806771 1.4698011 1.5772567 1.4005535 1.4325160 1.6016156 1.5113220 1.4910646 1.6998573 1.6014484 1.6101012 1.6223585 1.4532273 1.7120367 1.7452775 1.7496104 1.9276590 1.7912337 0.6418652 0.6090319 0.6402446 1.8377289 0.2734150 1.7893734 0.6310887 0.2472897 0.7179919 0.2589793 1.8382283 1.9184225 0.8224482 0.0000000 1.8168124 1.7988652 1.8976318 1.8767825 0.3178524 1.9460097 0.3567031 1.9719607 1.9932545 0.3427120 0.3186513 1.7561418 0.2706979 0.8673147 4.5455687 4.5447549 4.7357896 0.3401477 4.2216388 4.8646814 4.6287845 2.2207224 2.0634162 4.5897753 5.1165866 4.2769812 4.2463623 5.4587063 4.2884559 4.2812347 4.8375888 4.1965009 4.1565874 4.0144367 4.2346910 4.4069063 4.4964676 3.0964555 5.0703342 4.4932522 4.6977278 7.9624743 8.1782266 8.9398852 
lcl|NC_012639.1_prot_YP_002854698.1_1 1.3247050 1.1528154 1.2461417 1.1727179 1.2667133 1.0457436 1.0963191 1.1840788 1.1672365 1.1103889 0.7149827 1.0885685 1.1057230 1.1053880 1.2508439 0.6490205 1.1679095 1.1595476 0.8133838 1.1438337 1.7296156 1.6573655 1.7145224 1.1352918 1.7824208 1.5242540 1.7609568 1.7453611 1.7580942 1.7090551 0.9229586 0.8772038 1.8389068 1.8168124 0.0000000 1.3954188 1.0764007 1.6708822 1.8429355 1.6581193 1.8530093 1.4701999 1.4845396 1.8740091 1.8681290 0.8403461 1.8456263 1.8863138 4.7332199 4.9264739 5.0263968 1.8919159 4.7383709 4.6247312 4.7340548 1.7825200 1.9698746 4.8176747 5.3518931 4.6131013 4.5560480 5.2992459 4.3745501 4.6063426 5.2880128 4.5951139 4.5752154 5.6248952 4.7020611 5.6721774 5.0226731 2.5754775 4.7760773 5.8558931 5.2235636 6.3257913 6.6844573 6.9721758 
lcl|NC_002654.2_prot_NP_075158.1_1    1.0078369 0.9355987 0.9380978 0.9024091 0.9742056 0.9263075 0.9578504 0.9770856 0.9007978 0.9392257 1.3961110 0.9403445 0.9303572 0.9336894 0.9606301 1.3586114 1.4564197 1.4391998 1.2390860 1.5220508 1.5639295 1.5134223 1.5518002 1.2356778 1.7299265 1.2327964 1.5783111 1.7679965 1.6656040 1.7586462 1.5495365 1.4823621 1.5432080 1.7988652 1.3954188 0.0000000 1.3768631 0.9641082 1.7403520 1.0072493 1.8079940 1.3872995 1.4027535 1.8376838 1.8325068 1.4312747 1.7249256 1.8620193 3.8335054 3.8229790 3.8897286 1.7588725 3.8858917 3.8368622 4.2019053 1.4906908 1.2902966 3.7736496 3.9742641 3.8889771 3.7787149 3.8837682 3.6351437 3.7066309 4.5049680 3.8472844 3.7097729 3.7159264 3.7395005 3.9900122 4.0683919 1.7832735 4.3537389 4.2823707 4.2506898 7.1844647 7.6636271 8.3686104 
lcl|NC_027923.1_prot_YP_009165690.1_1 1.4190180 1.3671188 1.3463284 1.3109618 1.3922416 1.1020224 1.1532964 1.4066947 1.3115226 1.1387539 1.1053808 1.2550138 1.2833376 1.2968244 1.3601205 0.9412230 1.1469762 1.1031357 1.0709303 1.1532452 1.6897404 1.5909184 1.6568590 0.8569579 1.8550151 1.4061660 1.6517541 1.8586630 1.6568873 1.8388863 1.1977401 1.1215518 1.7403090 1.8976318 1.0764007 1.3768631 0.0000000 1.7795224 1.9325832 1.8018894 1.9329960 1.6142450 1.5736126 1.9581801 1.9729804 0.9329478 1.8587486 1.7969511 4.7728268 5.1820869 5.2080233 1.8990370 4.6462797 4.5017296 4.7795473 1.7443525 2.1891699 4.5161906 5.0862765 4.4333587 4.7313249 4.6832706 4.4492892 4.4442372 5.1861283 4.6945871 4.3453353 5.2658898 4.6834609 5.1221236 4.9482730 2.7476836 4.7529767 5.4120605 4.4992298 6.7973331 7.1119604 7.9928628 
lcl|NC_003102.1_prot_NP_258359.1_1    1.2176632 1.2611272 1.2577598 1.1882929 1.2375327 1.1179368 1.1334811 1.1918847 1.1521880 1.0844797 1.5749418 1.2382735 1.2520654 1.2499262 1.3802800 1.4351911 1.8176585 1.7293013 1.5442380 1.6674135 1.6890493 1.6938710 1.8125076 1.6007873 1.9018987 1.3142748 1.7087289 1.9170659 1.7342571 1.8383168 1.6222468 1.7882458 1.6652322 1.8767825 1.6708822 0.9641082 1.7795224 0.0000000 2.0428594 0.0424035 2.1510365 1.6816838 1.6564761 2.1529121 2.0244650 1.6295610 2.0029396 1.9289520 3.2792120 3.5270612 3.5375118 2.0128151 3.1897657 3.6039048 3.9108230 1.6198586 0.5651286 3.4020821 3.6627041 3.2793999 3.4577808 3.7845208 3.3537355 3.3531851 3.8779129 3.2309811 3.3179771 3.6611527 3.2044406 3.4039891 3.3063130 1.5193999 3.8639570 3.5473879 3.6082993 6.7509739 6.8356096 7.5873151 
lcl|NC_021924.1_prot_YP_008378405.1_1 1.5381298 1.6063622 1.6147603 1.5319130 1.6143776 1.3895408 1.4091660 1.5879094 1.5457118 1.4201230 1.6464112 1.6456954 1.6378349 1.6399518 1.5071468 1.7263638 1.7539679 1.7735202 1.9156054 1.7737238 0.7026066 0.6876238 0.7225029 1.7162223 0.2648034 1.8473586 0.7221741 0.2520656 0.7626934 0.2601490 1.9379042 1.9978413 0.8444982 0.3178524 1.8429355 1.7403520 1.9325832 2.0428594 0.0000000 2.0404823 0.1188132 1.9423265 1.9409215 0.0991277 0.1729322 1.7854166 0.2391757 0.9375630 4.8722085 4.4528875 4.4855673 0.1873622 4.3904629 5.0179802 5.2111861 2.3259057 2.2851048 4.8761452 5.0837058 4.3003432 4.6960802 5.2551290 4.6002325 4.4050536 5.2095879 4.0274059 4.3165399 4.7185576 4.4426872 4.9964995 4.5461991 2.9303911 5.5381209 4.5197424 4.7815283 8.9232349 8.9999987 8.9999988 
lcl|NC_038369.1_prot_YP_009505895.1_1 1.2201635 1.2114893 1.2294619 1.1638649 1.2294744 1.0996842 1.1206279 1.1830656 1.1219834 1.0834667 1.5300040 1.2506980 1.2655958 1.2682377 1.3644009 1.4380615 1.8640047 1.7447920 1.5627269 1.6658900 1.6532991 1.6579530 1.8086578 1.6122451 1.8959174 1.3579180 1.6769860 1.9257272 1.7509452 1.8333349 1.6252302 1.8214463 1.6551527 1.9460097 1.6581193 1.0072493 1.8018894 0.0424035 2.0404823 0.0000000 2.1458028 1.6661958 1.6392761 2.1286287 2.0354100 1.6562209 1.9677993 1.9493950 3.3120996 3.5190064 3.5110745 1.9838949 3.2660746 3.5155291 3.8066601 1.6787567 0.6095824 3.4439250 3.6711326 3.2709421 3.5364519 3.6914417 3.2873240 3.3484106 4.0206996 3.2942770 3.3135266 3.6659564 3.3170417 3.5709708 3.2655609 1.5368628 3.8979147 3.6004133 3.5752925 6.8306084 6.8102588 7.5986708 
lcl|NC_004778.3_prot_NP_848405.1_1    1.6639938 1.6557227 1.7357228 1.6201203 1.6937179 1.4702291 1.5405825 1.7060714 1.6463685 1.5628372 1.7112513 1.7347102 1.7181924 1.7388194 1.6015223 1.7381973 1.8449888 1.8414786 1.9435270 1.7674542 0.7290505 0.7058699 0.7607570 1.7534515 0.2735425 1.9201035 0.7557226 0.2847911 0.8001470 0.2836204 2.0316550 2.0381821 0.8591407 0.3567031 1.8530093 1.8079940 1.9329960 2.1510365 0.1188132 2.1458028 0.0000000 2.0842065 2.0780797 0.0575203 0.1713353 1.8711772 0.2727747 0.9966839 5.0699289 4.5963036 4.5870854 0.2059122 4.6115928 5.1851962 5.3121889 2.3398454 2.3149071 4.8658119 5.5818659 4.5766594 4.9023384 5.6140412 4.8322632 4.5901900 5.2324807 4.2556766 4.4966422 4.9781703 4.5308173 5.0032431 4.6628541 2.9368579 6.0011879 4.8735758 4.7995395 8.9999985 8.9999982 8.9999985 
lcl|NC_011423.1_prot_YP_002300592.1_1 1.3845655 1.4293101 1.3762331 1.3412560 1.3651479 1.2418542 1.2301148 1.3578978 1.3501745 1.2533196 1.5355791 1.3556749 1.3683178 1.3654794 1.4082173 1.4131130 1.6910305 1.6757029 1.4151625 1.6800215 1.8385742 1.8121579 1.7808820 1.5633305 1.8748038 1.4768585 1.8148390 1.8618844 1.7975138 1.8482695 1.5960525 1.6393620 1.7510572 1.9719607 1.4701999 1.3872995 1.6142450 1.6816838 1.9423265 1.6661958 2.0842065 0.0000000 0.0252897 2.0621575 2.0270876 1.5630885 1.9141580 1.9675372 3.6782317 4.1179920 4.1595675 2.0785270 3.9333723 3.7260454 3.8838684 1.6760747 1.8765666 3.5203650 3.7926650 4.0436688 3.9562694 3.9382865 3.9205916 4.0032014 4.5552812 3.8227141 3.9744736 4.1572970 3.7450602 3.9456074 4.1725733 2.1870820 4.2994861 4.3599928 4.1288504 4.9513893 5.2209450 6.5408367 
lcl|NC_004690.1_prot_NP_818724.1_1    1.3555414 1.4550227 1.3674576 1.3522022 1.3542232 1.2394496 1.2343677 1.3798904 1.3329071 1.2684551 1.5391839 1.3876587 1.3877846 1.3849140 1.3960459 1.4242601 1.6877043 1.6752066 1.4447494 1.7014585 1.8637830 1.8370070 1.8055628 1.5334914 1.8837217 1.4895976 1.8345577 1.8605809 1.7485558 1.8600813 1.5899485 1.6464466 1.7166447 1.9932545 1.4845396 1.4027535 1.5736126 1.6564761 1.9409215 1.6392761 2.0780797 0.0252897 0.0000000 2.0717470 2.0349190 1.5935243 1.9102471 1.9494780 3.7620887 4.1249538 4.1666311 2.1062777 3.9748125 3.7549984 3.8052095 1.7173449 1.9003088 3.5230804 3.7750813 3.9972204 3.9726778 3.8753398 3.9183127 3.9915587 4.5278938 3.8325775 3.9627145 4.2147842 3.8107096 4.0588629 4.2204318 2.1769014 4.3297909 4.3204959 4.0817893 5.1199145 5.3534668 6.8789269 
lcl|NC_023177.1_prot_YP_008992147.1_1 1.6290105 1.6759039 1.7265981 1.6121972 1.6923820 1.4655643 1.5633533 1.6604755 1.6048347 1.5571077 1.7439033 1.6526928 1.6615997 1.6814873 1.5908448 1.8172516 1.8462495 1.8353905 1.9306651 1.8644896 0.7458095 0.7220860 0.7536383 1.7313426 0.2775643 1.9415142 0.7652291 0.2847317 0.7943140 0.2877487 2.0647428 2.0881608 0.8452521 0.3427120 1.8740091 1.8376838 1.9581801 2.1529121 0.0991277 2.1286287 0.0575203 2.0621575 2.0717470 0.0000000 0.1891729 1.8907229 0.2795910 0.9988829 5.1686170 4.6289546 4.6196322 0.1806815 4.6833823 5.2190025 5.4637961 2.3194530 2.3116790 5.0630589 5.5975642 4.4873406 4.9607535 5.7400587 4.8631987 4.6530912 5.2593156 4.2286508 4.5585423 5.0198605 4.5366130 5.1151781 4.7531838 3.0007528 5.7023113 4.8044717 4.8791671 8.9999988 8.9999984 8.9999985 
lcl|NC_007767.1_prot_YP_473240.1_1    1.6287440 1.7055004 1.6526149 1.6213987 1.6575229 1.4815072 1.5230175 1.6115634 1.6185445 1.5586077 1.6680439 1.6933184 1.6850170 1.7050199 1.5449879 1.7549664 1.7403214 1.7910766 1.9313893 1.7584154 0.7092989 0.6903354 0.7027747 1.8061008 0.2538084 1.8505201 0.7425227 0.2593232 0.8059619 0.2452938 1.9524388 2.0115254 0.8074810 0.3186513 1.8681290 1.8325068 1.9729804 2.0244650 0.1729322 2.0354100 0.1713353 2.0270876 2.0349190 0.1891729 0.0000000 1.8352006 0.2269493 0.9228325 4.9338055 4.3477252 4.3696029 0.1963419 4.0943010 5.1121505 5.0949950 2.3363785 2.2903286 5.0347594 5.1908977 4.1508418 4.7372401 5.3768364 4.3183139 4.2658584 5.0712468 3.9794390 4.1407714 4.8220753 4.2905161 5.0424627 4.5819113 3.0398044 5.4148047 4.6728419 4.9046762 8.0152422 8.2985109 8.9999987 
lcl|NC_028636.1_prot_YP_009186775.1_1 1.2918334 1.2251576 1.2058735 1.1534647 1.2042642 1.0108252 1.0732709 1.2931850 1.1642678 1.0576066 0.8176005 1.1448234 1.1987126 1.2045935 1.3041048 0.6964841 1.1632319 1.1000294 0.9084709 1.1058925 1.5794522 1.5381048 1.5430579 1.1438146 1.7255179 1.3844083 1.5859817 1.6742509 1.6075689 1.6711930 0.4558940 0.9611179 1.6813467 1.7561418 0.8403461 1.4312747 0.9329478 1.6295610 1.7854166 1.6562209 1.8711772 1.5630885 1.5935243 1.8907229 1.8352006 0.0000000 1.7305380 1.8863634 4.0085153 4.5434131 4.6009508 1.8283231 4.6268669 3.7593282 4.0574567 1.7333665 2.2469764 4.0874351 4.6350532 4.5248619 4.0820465 4.6753808 4.3782241 4.4516704 4.9707344 4.4810855 4.3438795 4.7134852 4.0125074 4.5579900 4.0069806 2.3331615 4.3463886 5.2928378 4.2738434 6.8464471 6.9003273 8.0103511 
lcl|NC_008035.3_prot_YP_611025.1_1    1.6153616 1.5557482 1.5924656 1.4618178 1.6289499 1.3578212 1.3452919 1.6471773 1.5254127 1.4247434 1.7183319 1.5905335 1.6404055 1.6504082 1.5842861 1.6712175 1.6913392 1.7073456 1.8227471 1.7344294 0.5615703 0.5443006 0.5749714 1.6532257 0.1923512 1.8975600 0.5885097 0.1886789 0.6953080 0.1795256 1.9139935 1.9427641 0.8068130 0.2706979 1.8456263 1.7249256 1.8587486 2.0029396 0.2391757 1.9677993 0.2727747 1.9141580 1.9102471 0.2795910 0.2269493 1.7305380 0.0000000 0.8966659 4.8136294 4.7394857 4.7295891 0.2515001 4.5017694 4.9170863 5.1112288 2.1328715 2.1639914 4.8551130 5.0020378 4.6599361 4.8298323 4.9636008 4.8906706 4.7236986 5.0416948 4.5760814 4.5222016 4.7638281 4.4430479 4.5770391 4.6200605 2.8867756 5.4363918 4.7159142 4.9930577 8.9999982 8.9999983 8.9999987 
lcl|NC_043529.1_prot_YP_009666570.1_1 1.6493032 1.7005132 1.5938714 1.6008594 1.6242834 1.5667686 1.6583286 1.5297099 1.5370421 1.5806791 1.9065209 1.5670217 1.5447988 1.5399242 1.6943111 1.8225407 1.8828020 1.8898567 1.9422133 1.9303766 0.5685961 0.5438016 0.6266760 1.9715090 0.8406430 1.7766074 0.5345177 0.8493839 0.5989342 0.8334343 1.9883520 1.9249529 0.7308599 0.8673147 1.8863138 1.8620193 1.7969511 1.9289520 0.9375630 1.9493950 0.9966839 1.9675372 1.9494780 0.9988829 0.9228325 1.8863634 0.8966659 0.0000000 4.2034419 4.4509463 4.5745955 0.9690670 3.9270772 4.4517824 4.6243917 2.0828364 2.1963526 4.1818375 4.1106186 3.8803987 3.8806778 4.3382989 4.0164894 4.0695843 4.3168826 4.0292044 3.9621871 4.1990940 3.8318146 4.0259122 4.1865845 2.8696091 4.2625902 4.3200704 4.4432783 8.6552579 8.9999982 8.6616722 
