86
lcl|NC_025960.1_prot_YP_009112622.1_1 0.0000000 0.0967758 0.4571509 0.4170649 0.4145712 0.4240231 0.6909205 0.6723529 0.6611022 0.4581090 0.7713212 0.7735606 0.7755036 0.6961161 0.7796397 0.7324411 0.7725468 0.7882764 0.8170182 0.7439960 0.7453674 0.7407687 0.6889315 0.7778855 0.8005603 0.9131041 0.9038747 0.8306527 0.9120190 0.6745823 1.5634175 1.6644923 1.6433630 1.0902076 1.0912402 1.5977719 1.7250117 1.6480928 1.7367514 1.8184919 1.6157646 1.5917439 1.7178887 1.6018441 1.7508970 1.7771187 1.6003306 1.5985342 1.0974449 1.7139503 1.7442290 1.7072697 1.7332892 1.7405053 0.8330143 1.5229930 1.8283855 1.5875145 1.8927037 1.9573608 1.9024343 1.8984551 1.6816212 1.7269248 1.8353740 1.9747585 2.0630953 1.9810488 1.6036853 2.0781986 1.8943546 1.8822087 1.8406870 2.2876461 1.8082394 2.5336042 2.8546471 2.6845597 3.8618209 2.8337537 4.2490869 4.3959368 4.5993978 4.1575886 4.7559369 5.2466349 
lcl|NC_011345.1_prot_YP_002268101.1_1 0.0967758 0.0000000 0.4688506 0.4379662 0.4354603 0.4443629 0.6565911 0.6548190 0.6410222 0.4482518 0.7646779 0.7597370 0.7842411 0.6745921 0.7883847 0.7111347 0.7316087 0.8089345 0.8031359 0.7448542 0.7489164 0.7463397 0.6888904 0.7744877 0.7775760 0.9057867 0.9270168 0.8207135 0.9106141 0.7029107 1.5553743 1.6247175 1.6022205 1.0667840 1.0794895 1.5817395 1.7022159 1.6314967 1.6985425 1.7811642 1.6002330 1.5710390 1.7082219 1.5809900 1.7623198 1.7344988 1.5773794 1.5945367 1.0768144 1.7219199 1.7326422 1.6400483 1.6790226 1.6860178 0.8477007 1.4743364 1.7973445 1.6046592 1.8975886 1.9359970 1.8673221 1.8924370 1.6395533 1.6857827 1.7639646 1.9563570 2.0181586 1.9459181 1.5718671 2.0439817 1.8570045 1.8565387 1.8208641 2.2323101 1.8078392 2.5479400 2.8718052 2.6953914 3.7825548 2.7042444 4.1082427 4.3963682 4.4535253 4.1040132 4.7112493 5.3028833 
lcl|NC_009011.2_prot_YP_001036349.1_1 0.4571509 0.4688506 0.0000000 0.5299581 0.5260892 0.5421683 0.6901339 0.7371740 0.7296491 0.5792523 0.8424064 0.8488909 0.8789338 0.7056573 0.8833834 0.7870954 0.7073379 0.7994918 0.8890641 0.8610310 0.8388398 0.8339617 0.7464250 0.7242436 0.9383012 0.9963171 0.9598457 0.9007732 0.9819877 0.5924050 1.6148093 1.6838914 1.6491810 1.1043729 1.0816806 1.6057530 1.7459037 1.5793814 1.6873163 1.8301280 1.5726562 1.6615101 1.6332437 1.6574473 1.7584833 1.7941421 1.6611886 1.5729374 1.0730564 1.6560950 1.6563583 1.5654682 1.5517413 1.5581776 0.7134215 1.4839053 1.6805787 1.5415780 1.7877348 1.7839041 1.8139273 1.9511882 1.5209110 1.6586396 1.7596267 1.9902210 2.0379915 2.0098946 1.5790098 2.1066618 1.7774369 1.7807435 1.6826940 2.2183281 1.7272802 2.6448810 2.7439464 2.7088417 3.6315907 2.6420548 4.1184470 4.4641333 4.0707040 4.0374105 4.9803385 5.3707209 
lcl|NC_004117.1_prot_NP_689252.1_1    0.4170649 0.4379662 0.5299581 0.0000000 0.0074257 0.0285988 0.6267377 0.6166120 0.5926718 0.3052549 0.7671170 0.7611692 0.7603532 0.6053933 0.7644996 0.7104039 0.6969305 0.7435626 0.8203609 0.7753952 0.7167711 0.7123020 0.7304420 0.7080005 0.7556506 0.8714403 0.9053548 0.7488709 0.8707485 0.8080169 1.5136851 1.5221110 1.5264306 1.0492826 1.0172576 1.5783829 1.6544926 1.5796009 1.6095327 1.6996950 1.5348860 1.5589013 1.6651742 1.5659879 1.7153396 1.6184998 1.5660477 1.5283345 1.0231712 1.5607019 1.6451637 1.6373997 1.6636411 1.6705787 0.9576623 1.4888989 1.7282844 1.5782944 1.7924711 1.7574201 1.7967667 1.8348600 1.5744935 1.7113155 1.7699385 1.8509601 1.9189770 1.9552995 1.4094283 2.0325254 1.7321665 1.7373868 1.6237417 2.1104115 1.8038893 2.5050071 2.9585856 2.6963838 3.4114962 2.7077759 4.1708487 4.0456333 4.7721701 3.9744318 4.9434024 5.5227812 
lcl|NC_023681.1_prot_YP_009011134.1_1 0.4145712 0.4354603 0.5260892 0.0074257 0.0000000 0.0300989 0.6277962 0.6230832 0.5988005 0.3081612 0.7663160 0.7603693 0.7595490 0.6006113 0.7636939 0.7127528 0.6953216 0.7345477 0.8197180 0.7747570 0.7252552 0.7207586 0.7269162 0.7059063 0.7542946 0.8811348 0.9042437 0.7540401 0.8627918 0.8082708 1.5225654 1.5397265 1.5378535 1.0584580 1.0262114 1.5821520 1.6592471 1.5865215 1.6156784 1.7169554 1.5415489 1.5689167 1.6811188 1.5760427 1.7171331 1.6390060 1.5760911 1.5349845 1.0175182 1.5697568 1.6549247 1.6412642 1.6675844 1.6745423 0.9556554 1.4897069 1.7300963 1.5886323 1.8047368 1.7626900 1.8143307 1.8489428 1.5820656 1.7190244 1.7831787 1.8650407 1.9277597 1.9716506 1.4097487 2.0496153 1.7313226 1.7365359 1.6286096 2.1280931 1.7975549 2.5291229 2.9389317 2.6773154 3.3715655 2.6965004 4.1625246 4.0452194 4.7870498 3.9744318 4.9100621 5.5259635 
lcl|NC_003529.1_prot_NP_613161.1_1    0.4240231 0.4443629 0.5421683 0.0285988 0.0300989 0.0000000 0.6538850 0.6243207 0.5982713 0.3193521 0.7787803 0.7665306 0.7720500 0.6068566 0.7762252 0.7338164 0.7158393 0.7419358 0.8302783 0.7799488 0.7392888 0.7347684 0.7258342 0.7027683 0.7577013 0.8883400 0.9357391 0.7511376 0.8804095 0.8278485 1.5409904 1.5282707 1.5280204 1.0530806 1.0243966 1.5963853 1.6690849 1.6063579 1.6289560 1.7458971 1.5584822 1.5870325 1.6745357 1.5942333 1.7379517 1.6240014 1.5920517 1.5363415 1.0240731 1.6074589 1.6782383 1.6583550 1.6793320 1.6863281 0.9645995 1.5005865 1.7270569 1.6316324 1.8282238 1.8066977 1.8123016 1.8407893 1.5960683 1.7209061 1.7991260 1.8685984 1.9446785 1.9737313 1.4628345 2.0647237 1.7600243 1.7555970 1.6499950 2.1485055 1.8041524 2.5477148 2.9960287 2.6785363 3.4113436 2.6893996 4.1157552 4.1585545 4.7112659 4.0794015 4.9052874 5.5199373 
lcl|NC_021923.1_prot_YP_008378232.1_1 0.6909205 0.6565911 0.6901339 0.6267377 0.6277962 0.6538850 0.0000000 0.4980138 0.4760609 0.6366053 0.7494307 0.7490902 0.7758487 0.5440554 0.7800225 0.6501300 0.6277099 0.6706385 0.8003036 0.7816696 0.6593730 0.6573952 0.6299576 0.6526782 0.9288710 0.7759815 0.9040788 0.6427610 0.7862095 1.0592546 1.4412447 1.4968973 1.4837906 0.9530180 0.9458000 1.4888500 1.5584338 1.4742021 1.5461812 1.7175631 1.4450913 1.4423359 1.5233881 1.4512045 1.7409431 1.5819022 1.4577803 1.4414545 0.9146413 1.5706600 1.6054476 1.7671076 1.7649207 1.7739617 1.2055630 1.5037886 1.7065142 1.5345293 1.6797953 1.6885389 1.7554623 1.8856154 1.5297991 1.6451920 1.7749793 1.9170484 2.0463021 2.0829038 1.5091686 2.1738812 1.6906777 1.6820382 1.7326542 2.0558891 1.7290416 2.7099829 2.9229131 2.8525659 3.6482806 2.8349292 4.0965737 4.3471795 4.1127738 3.7867184 4.8807667 5.0417350 
lcl|NC_007383.1_prot_YP_308985.1_1    0.6723529 0.6548190 0.7371740 0.6166120 0.6230832 0.6243207 0.4980138 0.0000000 0.1133495 0.5997757 0.8542798 0.8596315 0.8803994 0.6166038 0.8849337 0.7438518 0.6978799 0.7768818 0.8673849 0.8383642 0.7900802 0.7910039 0.6612852 0.7132209 0.9806971 0.9048464 1.0219749 0.2213532 0.8660801 1.0857468 1.5652468 1.5988836 1.5823638 1.0035966 0.9839010 1.5624196 1.6279619 1.6085078 1.6228097 1.7038088 1.5777404 1.5618695 1.5898630 1.5717557 1.6492971 1.7205948 1.5776985 1.6045237 0.9830773 1.5806151 1.6589300 1.7266680 1.7419598 1.7574467 1.2284552 1.5771004 1.6696994 1.7523511 1.8160021 1.7537606 1.8189378 1.8555764 1.6447495 1.6890024 1.7778253 1.9174990 1.8767335 2.0257978 1.6131999 2.0744169 1.8304187 1.8281116 1.7387426 2.1155378 1.8609959 2.5205840 3.0992434 2.8313639 4.0027435 2.8348792 4.6073217 4.6779147 4.4907850 3.9649650 5.0220781 5.2929765 
lcl|NC_007151.1_prot_YP_249705.1_1    0.6611022 0.6410222 0.7296491 0.5926718 0.5988005 0.5982713 0.4760609 0.1133495 0.0000000 0.5777617 0.7942485 0.7994387 0.8288576 0.5811396 0.8332013 0.7051863 0.6715207 0.7387691 0.8086664 0.8034028 0.7849560 0.7858717 0.6356262 0.7029288 0.9696630 0.8972305 0.9652301 0.2227186 0.8361854 1.0463925 1.6107848 1.6452895 1.6303250 0.9562418 0.9425957 1.5825549 1.6796104 1.6176667 1.6341772 1.6941805 1.5825021 1.6017540 1.6140962 1.6119514 1.6483794 1.7889503 1.6116751 1.5809122 0.9837430 1.5465628 1.6294118 1.6893226 1.6930840 1.7081579 1.1804888 1.5507453 1.6308258 1.7420013 1.7836792 1.7267204 1.8031916 1.9391905 1.6113315 1.6986380 1.8460445 2.0050694 1.9759620 2.0580893 1.6092348 2.0818476 1.7805666 1.7671548 1.6970862 2.1582126 1.8593303 2.5518472 3.0155610 2.7852497 3.8635677 2.8756500 4.3914266 4.7997570 4.5295385 3.9329851 4.9932370 5.2183758 
lcl|NC_043530.1_prot_YP_009666728.1_1 0.4581090 0.4482518 0.5792523 0.3052549 0.3081612 0.3193521 0.6366053 0.5997757 0.5777617 0.0000000 0.8267489 0.8199526 0.8179729 0.6513680 0.8222813 0.7647429 0.7105004 0.7513664 0.8429991 0.8033393 0.7577029 0.7525209 0.7205995 0.7548006 0.7930313 0.8443186 0.9628837 0.7573047 0.8657518 0.9055781 1.5621006 1.6130001 1.6173713 1.0751115 1.0749797 1.6029550 1.6617373 1.6278609 1.7024198 1.7271812 1.5810414 1.6213104 1.6903759 1.6316125 1.8355567 1.7066777 1.6365338 1.5764842 1.0926721 1.6470214 1.6733441 1.6740934 1.6767443 1.6837426 0.9980043 1.5070254 1.7358055 1.6227662 1.7944823 1.8325277 1.7624457 1.9562151 1.6073637 1.7116080 1.7680477 2.0145404 1.9895642 1.9703986 1.3559264 2.0683248 1.8086454 1.7831386 1.6524639 2.1675890 1.8460121 2.5477401 2.9273574 2.7015245 3.4826843 2.6669337 4.1950188 4.2410744 4.5062110 3.8750240 5.0433086 5.6098651 
lcl|NC_002331.1_prot_NP_059297.1_1    0.7713212 0.7646779 0.8424064 0.7671170 0.7663160 0.7787803 0.7494307 0.8542798 0.7942485 0.8267489 0.0000000 0.0120815 0.0812134 0.7873700 0.0830075 0.7381505 0.8548574 0.7675974 0.4229266 0.2722769 0.6828817 0.6840168 0.7853800 0.8316821 1.1752776 0.7048315 0.2784136 0.9895694 0.8997677 1.2812235 1.4568287 1.5288205 1.5252244 1.0226865 1.0185132 1.5703849 1.6090580 1.4826722 1.5231413 1.7731809 1.4818214 1.5060011 1.5461289 1.5156143 1.7533158 1.6351268 1.4958979 1.4918605 1.3291889 1.5647782 1.6400831 1.7813415 1.8276322 1.8394103 1.3801702 1.7113057 1.6993170 1.4974433 1.6378261 1.7096613 1.8871298 1.9920737 1.6423554 1.6921779 1.9898186 2.0427039 2.0519265 2.2007492 1.5240539 2.3078666 1.8119091 1.8004300 1.6916624 2.1997290 1.7325219 2.6190552 2.9173566 2.8307097 3.7046876 2.9958277 4.3814407 4.4555571 4.4237611 3.7483484 5.1988326 5.4446392 
lcl|NC_010240.1_prot_YP_001649132.1_1 0.7735606 0.7597370 0.8488909 0.7611692 0.7603693 0.7665306 0.7490902 0.8596315 0.7994387 0.8199526 0.0120815 0.0000000 0.0828384 0.7902784 0.0846312 0.7442953 0.8525985 0.7680272 0.4249089 0.2754763 0.6837095 0.6848418 0.7853287 0.8324229 1.1761936 0.7039454 0.2794483 0.9880427 0.8977449 1.2769780 1.4591187 1.5251516 1.5258587 1.0272217 1.0223927 1.5677069 1.6110196 1.4970057 1.5322673 1.7976351 1.4821872 1.5096320 1.5362439 1.5192705 1.7678721 1.6313543 1.4995059 1.4929118 1.3149455 1.5817450 1.6456700 1.7849686 1.8414098 1.8532687 1.3837221 1.7293655 1.7052839 1.4989321 1.6286101 1.7135286 1.9122772 1.9944588 1.6491095 1.6755620 1.9620664 2.0333632 2.0603580 2.2069193 1.5249377 2.3321111 1.8339278 1.8222210 1.7026035 2.1917537 1.7268421 2.6624307 2.9774120 2.8595704 3.7649776 2.9985191 4.3688343 4.4761237 4.4154646 3.7554170 5.1786546 5.4753455 
lcl|NC_013772.1_prot_YP_003422495.1_1 0.7755036 0.7842411 0.8789338 0.7603532 0.7595490 0.7720500 0.7758487 0.8803994 0.8288576 0.8179729 0.0812134 0.0828384 0.0000000 0.7976450 0.0015019 0.7479725 0.8639486 0.7428148 0.4065496 0.2627136 0.6862523 0.6854621 0.8079700 0.8401419 1.1854968 0.7030702 0.2727787 1.0258400 0.8841091 1.2883181 1.5024705 1.5993525 1.6004018 1.0365484 1.0209878 1.6191784 1.6780730 1.5485192 1.6111473 1.7927596 1.5388454 1.5691612 1.5844909 1.5792394 1.8061380 1.7013934 1.5557835 1.5612683 1.3280830 1.5931142 1.6431957 1.7611612 1.8145917 1.8263139 1.4047372 1.6986011 1.7064209 1.4797423 1.6663868 1.7082800 1.8860403 2.0006984 1.6497924 1.7501819 1.9763907 2.0672385 2.0525796 2.2417285 1.5180505 2.3244196 1.8450572 1.8332438 1.7192880 2.2267338 1.7836932 2.6306710 2.9275691 2.8088770 3.7511860 2.9176709 4.5175396 4.5132885 4.4935323 3.8930166 5.2696159 5.5119524 
lcl|NC_010276.1_prot_YP_001651029.1_1 0.6961161 0.6745921 0.7056573 0.6053933 0.6006113 0.6068566 0.5440554 0.6166038 0.5811396 0.6513680 0.7873700 0.7902784 0.7976450 0.0000000 0.8019899 0.7623081 0.4303080 0.5755265 0.7978824 0.7966962 0.7585491 0.7563881 0.4230596 0.5491378 0.9864752 0.8070216 0.9449269 0.7590920 0.6969376 1.1601723 1.4376266 1.4602968 1.4564311 1.0254053 1.0152186 1.5079272 1.5986445 1.5565741 1.4942822 1.5990986 1.5101418 1.4710253 1.5124782 1.4778886 1.6194302 1.5998244 1.4824239 1.4935975 0.7540772 1.5075817 1.5436334 1.6174102 1.6882560 1.6972178 1.2341900 1.5383239 1.6412011 1.5464727 1.6973516 1.6687449 1.7519673 1.8562797 1.4793050 1.5673960 1.8081534 1.9367912 1.9938689 2.1076231 1.5715446 2.1958196 1.6440992 1.6566479 1.6608240 2.2218743 1.6620525 2.6825518 2.8985969 2.7719878 3.5025907 2.8935533 3.9336718 4.2534607 4.4722806 4.2042822 4.6261243 5.2580566 
lcl|NC_038375.1_prot_YP_009506216.1_1 0.7796397 0.7883847 0.8833834 0.7644996 0.7636939 0.7762252 0.7800225 0.8849337 0.8332013 0.8222813 0.0830075 0.0846312 0.0015019 0.8019899 0.0000000 0.7519691 0.8684319 0.7470903 0.4094001 0.2651098 0.6900862 0.6892925 0.8124614 0.8447091 1.1911766 0.7069736 0.2751349 1.0309872 0.8890754 1.2945580 1.5098837 1.6072744 1.6083456 1.0416687 1.0260540 1.6271557 1.6864326 1.5561479 1.6190756 1.8015263 1.5464256 1.5769174 1.5922715 1.5870553 1.8148821 1.7099303 1.5634679 1.5689418 1.3346308 1.6011103 1.6516159 1.7700132 1.8237428 1.8355252 1.4115027 1.7001513 1.7147475 1.4870571 1.6745836 1.7166188 1.8956522 2.0109507 1.6579939 1.7586887 1.9863476 2.0778287 2.0630705 2.2532785 1.5254235 2.3365666 1.8543059 1.8424033 1.7277575 2.2381609 1.7853806 2.6455795 2.9463976 2.8090964 3.7555697 2.9207760 4.5177374 4.5137433 4.4935323 3.8930166 5.2744835 5.5033749 
lcl|NC_008348.1_prot_YP_758410.1_1    0.7324411 0.7111347 0.7870954 0.7104039 0.7127528 0.7338164 0.6501300 0.7438518 0.7051863 0.7647429 0.7381505 0.7442953 0.7479725 0.7623081 0.7519691 0.0000000 0.9151682 0.8459043 0.8147555 0.7975022 0.7627266 0.7626350 0.7488411 0.8075264 1.1062928 0.8572318 0.8422306 0.9235358 0.9286811 1.2332093 1.5202729 1.5812847 1.5763085 0.6253349 0.6387127 1.6449840 1.6607349 1.5314425 1.6044779 1.8718630 1.5197609 1.5793335 1.6524163 1.5863478 1.7814198 1.6932564 1.5791542 1.5021212 1.1498714 1.6953548 1.7516845 1.6518739 1.7211623 1.7299694 1.3123833 1.5238668 1.8484329 1.5592715 1.7489044 1.7765709 1.8413660 1.8858709 1.5381234 1.7089189 1.8011764 1.9458000 1.9564881 1.9507031 1.4363612 2.0804558 1.7953829 1.8061004 1.8308193 2.0353754 1.8158949 2.6546798 3.0883684 2.7418569 3.9470918 2.9514385 4.1798247 4.4446554 4.5308885 3.8172264 4.5272843 5.2767123 
lcl|NC_026922.1_prot_YP_009133219.1_1 0.7725468 0.7316087 0.7073379 0.6969305 0.6953216 0.7158393 0.6277099 0.6978799 0.6715207 0.7105004 0.8548574 0.8525985 0.8639486 0.4303080 0.8684319 0.9151682 0.0000000 0.6222615 0.8223708 0.8668628 0.8458888 0.8496407 0.5378024 0.6491038 1.0120333 0.9471065 0.9880325 0.8421491 0.7509861 1.1511185 1.5659209 1.5691785 1.5552837 1.1022672 1.0743499 1.6329713 1.6776731 1.5747224 1.5921934 1.7973943 1.5792457 1.5858565 1.6121512 1.5958980 1.7395301 1.7023363 1.6442655 1.6112319 0.7843101 1.5625481 1.6631653 1.5929876 1.6155807 1.6240325 1.1443337 1.4850895 1.8408848 1.5619983 1.8334210 1.9093552 1.9206031 1.9390847 1.5669735 1.6373720 1.7136052 2.0377521 1.9884421 2.1912550 1.6178393 2.2569362 1.7743058 1.7931734 1.7779473 2.1778374 1.7601747 2.5534319 2.8824785 2.9067926 3.6384416 3.0303601 4.2502141 4.3054422 4.3429753 4.4498708 4.5883491 5.4490031 
lcl|NC_013953.1_prot_YP_003517865.1_1 0.7882764 0.8089345 0.7994918 0.7435626 0.7345477 0.7419358 0.6706385 0.7768818 0.7387691 0.7513664 0.7675974 0.7680272 0.7428148 0.5755265 0.7470903 0.8459043 0.6222615 0.0000000 0.8009966 0.7585408 0.8444694 0.8421666 0.6124989 0.5806531 1.0315238 0.8957702 0.8879843 0.9256666 0.1639472 1.1539938 1.4707495 1.5377519 1.5657870 1.1368357 1.1295786 1.5228789 1.6361433 1.5156931 1.5042577 1.5942560 1.4971830 1.5204185 1.5709242 1.5302825 1.7351570 1.6750234 1.5137306 1.4814972 1.0011002 1.4485495 1.4762065 1.7070229 1.6937731 1.7050677 1.2131287 1.5146246 1.5599636 1.4610997 1.6702583 1.6699934 1.7154647 1.8102874 1.5018104 1.7322726 1.8404783 1.8758381 1.8971424 1.9908892 1.5777511 2.1688126 1.6293854 1.6117802 1.6796453 2.1401288 1.5919918 2.6973198 2.9122579 2.8053991 3.4852283 2.9494552 4.4426608 4.4879488 4.2671649 4.0531819 4.8685612 5.1659152 
lcl|NC_026511.1_prot_YP_009121911.1_1 0.8170182 0.8031359 0.8890641 0.8203609 0.8197180 0.8302783 0.8003036 0.8673849 0.8086664 0.8429991 0.4229266 0.4249089 0.4065496 0.7978824 0.4094001 0.8147555 0.8223708 0.8009966 0.0000000 0.3865721 0.7659550 0.7658599 0.8099490 0.9051927 1.1798035 0.7477703 0.5257705 1.0664685 0.9438056 1.2904280 1.5076484 1.5515863 1.5514655 1.0992918 1.0945940 1.5684106 1.6197232 1.4946533 1.5645881 1.7052916 1.4836348 1.5525863 1.4704784 1.5625192 1.6471347 1.6169570 1.5445899 1.5072957 1.3268051 1.5377661 1.6046098 1.7027684 1.7698927 1.7791592 1.3325329 1.6323966 1.6635001 1.5932053 1.7142237 1.7585411 1.8642280 1.8799055 1.6491695 1.7268145 1.8641322 2.0041235 2.0469827 2.0237077 1.6100837 2.1287377 1.8158351 1.7958512 1.6973482 2.1132147 1.7438361 2.4774318 2.7719667 2.6763468 3.7151606 2.8950305 4.3327629 4.3434924 3.9624161 3.8230192 5.0837900 5.2726105 
lcl|NC_033780.2_prot_YP_009345851.1_1 0.7439960 0.7448542 0.8610310 0.7753952 0.7747570 0.7799488 0.7816696 0.8383642 0.8034028 0.8033393 0.2722769 0.2754763 0.2627136 0.7966962 0.2651098 0.7975022 0.8668628 0.7585408 0.3865721 0.0000000 0.6994290 0.7005827 0.8076272 0.8858868 1.1721650 0.7331476 0.3951010 1.0083098 0.8681284 1.2969466 1.4997075 1.5980634 1.5785357 1.0759500 1.0665626 1.5994907 1.6335643 1.5281281 1.6059024 1.7186032 1.5080915 1.5392707 1.5639214 1.5490751 1.8296517 1.7008217 1.5557486 1.5627345 1.3554844 1.5880406 1.6505075 1.8218668 1.8202967 1.8320341 1.4076132 1.6669616 1.7139098 1.5656180 1.7464953 1.7199160 1.8504317 1.9985449 1.6916107 1.7416885 1.9382950 2.0503069 2.0380181 2.1325322 1.6239358 2.2128456 1.9320258 1.9182460 1.7429323 2.2061366 1.8154815 2.6549246 2.9729345 2.8205000 3.7807149 3.0464922 4.3835909 4.4525189 4.4105831 3.9511210 5.2668963 5.4438145 
lcl|NC_002654.2_prot_NP_075165.1_1    0.7453674 0.7489164 0.8388398 0.7167711 0.7252552 0.7392888 0.6593730 0.7900802 0.7849560 0.7577029 0.6828817 0.6837095 0.6862523 0.7585491 0.6900862 0.7627266 0.8458888 0.8444694 0.7659550 0.6994290 0.0000000 0.0029860 0.8730730 0.7814651 1.1695781 0.7585235 0.8188333 1.0035264 0.9582252 1.2517505 1.5565128 1.6102528 1.6063496 1.0365211 1.0529350 1.6670447 1.7154537 1.5753430 1.6106224 1.6300533 1.5330366 1.6182768 1.5702859 1.6284748 1.7266164 1.7018650 1.6447614 1.5551869 1.1645045 1.5930873 1.6802518 1.8901235 1.9007773 1.9128776 1.3306100 1.5753542 1.6961962 1.6077994 1.6690561 1.6858026 1.8883059 1.9789718 1.6609528 1.7278386 1.8173271 1.9888737 2.0776743 2.1752608 1.5668285 2.2708306 1.8085577 1.8083252 1.6749979 2.2336099 1.7376489 2.8305001 3.1115512 2.9711246 3.4435462 2.8734359 4.1772143 4.6974496 4.7715939 3.8687069 5.2146358 5.5249432 
lcl|NC_003094.2_prot_NP_203651.1_1    0.7407687 0.7463397 0.8339617 0.7123020 0.7207586 0.7347684 0.6573952 0.7910039 0.7858717 0.7525209 0.6840168 0.6848418 0.6854621 0.7563881 0.6892925 0.7626350 0.8496407 0.8421666 0.7658599 0.7005827 0.0029860 0.0000000 0.8778917 0.7850325 1.1634834 0.7564125 0.8199853 1.0046488 0.9623963 1.2431540 1.5587564 1.6125930 1.6086833 1.0365120 1.0505497 1.6694814 1.7179805 1.5776070 1.6129776 1.6324101 1.5352219 1.6206367 1.5725440 1.6308553 1.7244567 1.7043955 1.6366844 1.5574134 1.1618699 1.5954582 1.6828390 1.8823075 1.8973828 1.9094714 1.3280307 1.5775804 1.6957314 1.6073459 1.6715105 1.6883038 1.8912072 1.9776954 1.6636698 1.7304122 1.8044181 1.9876059 2.0764422 2.1716067 1.5626546 2.2670189 1.8017695 1.8003604 1.6774972 2.2364763 1.7402872 2.8352095 3.0956876 2.9475421 3.4337252 2.8727272 4.1582426 4.6577342 4.7999930 3.8687069 5.2248542 5.5670474 
lcl|NC_012639.1_prot_YP_002854745.1_1 0.6889315 0.6888904 0.7464250 0.7304420 0.7269162 0.7258342 0.6299576 0.6612852 0.6356262 0.7205995 0.7853800 0.7853287 0.8079700 0.4230596 0.8124614 0.7488411 0.5378024 0.6124989 0.8099490 0.8076272 0.8730730 0.8778917 0.0000000 0.6782152 1.1203233 0.9209104 0.9077683 0.8314444 0.7166452 1.0990663 1.6179445 1.5752042 1.5942498 0.9359875 0.9505423 1.6369503 1.7016000 1.6524181 1.6169261 1.6871874 1.6365797 1.6108443 1.6270487 1.6166129 1.6984513 1.7290092 1.6394301 1.6321324 0.8660417 1.5777040 1.5634240 1.6365972 1.6363971 1.6478399 1.1748633 1.6048449 1.7613344 1.5742732 1.7162019 1.7417717 1.8496610 1.8893587 1.4778335 1.6111372 1.7860478 1.9645496 1.9534246 2.0588224 1.6754262 2.2199324 1.7076476 1.7317053 1.7523165 2.1403606 1.7597500 2.7651433 3.0623012 2.8130311 3.9251238 2.7283838 4.3293865 4.6836630 4.4225904 3.7873856 4.9691218 5.1830614 
lcl|NC_027923.1_prot_YP_009165734.1_1 0.7778855 0.7744877 0.7242436 0.7080005 0.7059063 0.7027683 0.6526782 0.7132209 0.7029288 0.7548006 0.8316821 0.8324229 0.8401419 0.5491378 0.8447091 0.8075264 0.6491038 0.5806531 0.9051927 0.8858868 0.7814651 0.7850325 0.6782152 0.0000000 1.0457815 0.8670159 0.9704284 0.8882441 0.7540259 1.0948901 1.4688827 1.4831816 1.4849306 1.0245029 1.0259234 1.5226880 1.6006135 1.4932243 1.5001009 1.6614104 1.4920661 1.4706292 1.5057195 1.4775286 1.6717930 1.6682058 1.4820129 1.4776141 1.0221548 1.5283426 1.5083209 1.6381699 1.6585991 1.6696576 1.1086915 1.5021931 1.6854348 1.5185173 1.6388904 1.6867517 1.7301355 1.7440259 1.4344259 1.6738530 1.7543084 1.8040833 1.9523187 1.9877086 1.4705209 2.1576197 1.6932855 1.7099754 1.6612516 2.0758373 1.7148153 2.6201186 2.7819474 2.7395443 3.8134392 2.7913742 4.1394807 4.3410756 4.1393941 4.0316062 4.6738759 5.1061520 
lcl|NC_024625.1_prot_YP_009049916.1_1 0.8005603 0.7775760 0.9383012 0.7556506 0.7542946 0.7577013 0.9288710 0.9806971 0.9696630 0.7930313 1.1752776 1.1761936 1.1854968 0.9864752 1.1911766 1.1062928 1.0120333 1.0315238 1.1798035 1.1721650 1.1695781 1.1634834 1.1203233 1.0457815 0.0000000 1.3191663 1.2731908 1.1192885 1.1028544 1.0387005 1.8361141 1.9028969 1.8962842 1.2368914 1.2316292 1.8631661 1.9577961 2.0500998 1.9713949 2.2206122 2.0177361 1.9242265 2.0207619 1.9369059 2.0782949 2.0172781 1.9360367 2.0652447 1.3841775 1.9126248 1.9858500 1.8005846 1.8829755 1.8843119 1.2668377 1.7501477 2.2501162 2.0305912 2.2584139 2.3485315 2.2013026 1.9338722 2.0387310 2.3010929 1.9881730 1.9880763 2.0590589 2.1457383 1.9547305 2.2827995 2.2373076 2.2207599 2.1590401 2.2388958 2.2899600 2.7153388 3.0388311 3.2435626 3.8707320 3.5989902 4.4653982 4.6612371 4.5520700 4.1853732 6.2093860 6.4231328 
lcl|NC_008586.1_prot_YP_874241.1_1    0.9131041 0.9057867 0.9963171 0.8714403 0.8811348 0.8883400 0.7759815 0.9048464 0.8972305 0.8443186 0.7048315 0.7039454 0.7030702 0.8070216 0.7069736 0.8572318 0.9471065 0.8957702 0.7477703 0.7331476 0.7585235 0.7564125 0.9209104 0.8670159 1.3191663 0.0000000 0.8576657 1.1073861 0.9682610 1.3425594 1.6082065 1.7144435 1.7084162 1.1546360 1.1733284 1.7210939 1.7210701 1.7005069 1.7334980 1.8018949 1.6598591 1.6980301 1.6950701 1.7056212 1.7625605 1.8271354 1.6994833 1.6627622 1.2910990 1.6963441 1.7595802 1.9819153 1.9886938 1.9990118 1.5298969 1.6320447 1.8227011 1.6764060 1.8573465 1.7380243 2.0052237 2.1801881 1.7739142 1.7138538 2.1445903 2.2813973 2.2682140 2.1433141 1.5435321 2.2320700 1.7563259 1.7306677 1.7943578 2.2865821 1.8212053 2.6150868 2.8456505 2.8873270 3.4876701 3.0215064 4.5188088 4.4412817 4.6274166 3.7248326 4.6933008 4.9393028 
lcl|NC_029996.1_prot_YP_009249963.1_1 0.9038747 0.9270168 0.9598457 0.9053548 0.9042437 0.9357391 0.9040788 1.0219749 0.9652301 0.9628837 0.2784136 0.2794483 0.2727787 0.9449269 0.2751349 0.8422306 0.9880325 0.8879843 0.5257705 0.3951010 0.8188333 0.8199853 0.9077683 0.9704284 1.2731908 0.8576657 0.0000000 1.1511767 1.0524117 1.3381353 1.6102693 1.6795856 1.6907851 1.0811880 1.0783735 1.6514214 1.7374515 1.5987839 1.6677635 1.9151306 1.5994857 1.6888509 1.6923704 1.6965941 1.8201979 1.7857953 1.6692506 1.6262540 1.3673743 1.7957497 1.8011465 1.8328967 1.8925964 1.9047329 1.4217621 1.7023855 1.9199051 1.6635591 1.8161861 1.8569824 2.0867032 2.0694594 1.7262781 1.8224922 2.0291995 2.1212719 2.0692928 2.2885094 1.6208790 2.3487361 1.9877312 1.9830664 1.8263212 2.2671324 1.9369206 2.7231237 2.8825106 2.8722154 3.7757758 3.1674224 4.6706331 4.7027686 4.6229004 4.0823136 5.1528437 5.5810684 
lcl|NC_026268.1_prot_YP_009117011.1_1 0.8306527 0.8207135 0.9007732 0.7488709 0.7540401 0.7511376 0.6427610 0.2213532 0.2227186 0.7573047 0.9895694 0.9880427 1.0258400 0.7590920 1.0309872 0.9235358 0.8421491 0.9256666 1.0664685 1.0083098 1.0035264 1.0046488 0.8314444 0.8882441 1.1192885 1.1073861 1.1511767 0.0000000 0.9995059 1.2644807 1.8714598 1.8529371 1.8525735 1.2109753 1.1866451 1.8211068 1.9604701 1.9038137 1.9243477 2.0102715 1.8427427 1.8869714 1.9367374 1.8992978 1.9035211 2.0397247 1.9010852 1.8237783 1.2130091 1.8528835 1.9526365 1.9241069 1.9583954 1.9743553 1.4157964 1.7847001 2.0215210 2.0121840 2.0761437 2.0087088 2.1034212 2.1229484 1.9258716 1.9901506 2.1080008 2.1920752 2.2182158 2.1963905 1.8222672 2.2036179 2.1424389 2.1306046 2.0708759 2.3834212 2.1994705 2.7179181 3.3261423 3.1083337 4.1949269 3.3017729 4.7369557 5.0966178 5.0828040 4.4976940 5.4931121 5.7038699 
lcl|NC_001973.1_prot_NP_047768.1_1    0.9120190 0.9106141 0.9819877 0.8707485 0.8627918 0.8804095 0.7862095 0.8660801 0.8361854 0.8657518 0.8997677 0.8977449 0.8841091 0.6969376 0.8890754 0.9286811 0.7509861 0.1639472 0.9438056 0.8681284 0.9582252 0.9623963 0.7166452 0.7540259 1.1028544 0.9682610 1.0524117 0.9995059 0.0000000 1.3416247 1.4938691 1.5846484 1.5995768 1.2607892 1.2724526 1.5721344 1.6493063 1.5352475 1.5345109 1.6623138 1.5170972 1.5733433 1.6103112 1.5840245 1.7720344 1.7486115 1.5779873 1.5040540 1.2070312 1.5061486 1.5413701 1.9351869 1.9459128 1.9593861 1.4509801 1.7503287 1.6960909 1.5377171 1.7632890 1.7617701 1.7331008 2.0362114 1.5213954 1.7990162 2.0497807 2.1578172 2.0868398 2.1134877 1.7046089 2.3172914 1.7245203 1.7018515 1.7694452 2.3359699 1.6433539 2.8640353 2.9993048 2.9131432 3.6529990 3.0677409 4.6293510 4.8216935 4.3399034 4.0017523 5.0384154 5.4988947 
lcl|NC_011616.1_prot_YP_002332759.1_1 0.6745823 0.7029107 0.5924050 0.8080169 0.8082708 0.8278485 1.0592546 1.0857468 1.0463925 0.9055781 1.2812235 1.2769780 1.2883181 1.1601723 1.2945580 1.2332093 1.1511185 1.1539938 1.2904280 1.2969466 1.2517505 1.2431540 1.0990663 1.0948901 1.0387005 1.3425594 1.3381353 1.2644807 1.3416247 0.0000000 2.2636992 2.2882814 2.3008020 1.3498358 1.3271480 2.2455445 2.4271843 2.3309798 2.2899936 2.4052454 2.3239626 2.2829151 2.3393744 2.2944708 2.3034757 2.3458056 2.2624978 2.3124608 1.2232769 2.1914665 2.3028891 1.7562495 1.8073407 1.8140820 0.5714120 1.7944866 2.3066373 2.2560297 2.4149803 2.7318555 2.5107379 2.0558399 2.2854007 2.3749093 1.9854512 2.0990090 2.1327561 2.2879388 2.1713418 2.4298303 2.3252817 2.3152788 2.4967967 2.3954861 2.4340144 2.9147578 2.8624265 3.4161432 3.9298689 3.7273279 5.4512253 5.7538713 4.9412524 5.1888457 6.3790015 6.9911160 
lcl|NC_001875.2_prot_NP_046206.1_1    1.5634175 1.5553743 1.6148093 1.5136851 1.5225654 1.5409904 1.4412447 1.5652468 1.6107848 1.5621006 1.4568287 1.4591187 1.5024705 1.4376266 1.5098837 1.5202729 1.5659209 1.4707495 1.5076484 1.4997075 1.5565128 1.5587564 1.6179445 1.4688827 1.8361141 1.6082065 1.6102693 1.8714598 1.4938691 2.2636992 0.0000000 0.2597056 0.2659702 1.9109197 1.9139739 0.2527788 0.2402803 0.3582552 0.3270151 0.8765413 0.3491261 0.2615426 0.4655475 0.2638999 0.6615327 0.3293515 0.2612873 0.3532798 2.2635743 0.8067952 0.7599781 2.5740980 2.5854025 2.5971398 2.4310576 2.3543398 0.9205531 1.0289274 0.8544185 0.8767526 0.8812141 2.7926119 1.1186824 0.5950447 2.8944627 2.8289952 2.8008959 2.9465328 1.8606358 3.0713163 1.3111436 1.2992217 0.9669905 3.0020913 1.0604282 1.6717479 2.9039453 2.7708114 3.2390793 3.1169442 4.3771159 4.3265855 3.9133627 4.4860810 4.3220766 5.1712465 
lcl|NC_021924.1_prot_YP_008378455.1_1 1.6644923 1.6247175 1.6838914 1.5221110 1.5397265 1.5282707 1.4968973 1.5988836 1.6452895 1.6130001 1.5288205 1.5251516 1.5993525 1.4602968 1.6072744 1.5812847 1.5691785 1.5377519 1.5515863 1.5980634 1.6102528 1.6125930 1.5752042 1.4831816 1.9028969 1.7144435 1.6795856 1.8529371 1.5846484 2.2882814 0.2597056 0.0000000 0.0536616 1.8965359 1.8960006 0.2960652 0.3106925 0.3387581 0.2172687 0.9033754 0.3457573 0.1978536 0.4163150 0.2000016 0.5961938 0.1103361 0.2012079 0.3483887 2.3487882 0.8538803 0.8158998 2.5511981 2.5645666 2.5761960 2.5013701 2.3894582 0.9391299 1.0160701 0.8674660 0.9216583 0.8825054 2.8035781 1.1067988 0.5951666 2.8012095 2.8559170 2.8406889 2.9248594 1.9525841 2.9981850 1.3655044 1.3485841 0.9358316 2.8805916 1.0698557 1.7327492 2.9428078 2.7975911 3.0094872 3.0794203 4.4501389 4.0642696 4.0290688 4.4526648 4.5464700 5.4882076 
lcl|NC_023177.1_prot_YP_008992195.1_1 1.6433630 1.6022205 1.6491810 1.5264306 1.5378535 1.5280204 1.4837906 1.5823638 1.6303250 1.6173713 1.5252244 1.5258587 1.6004018 1.4564311 1.6083456 1.5763085 1.5552837 1.5657870 1.5514655 1.5785357 1.6063496 1.6086833 1.5942498 1.4849306 1.8962842 1.7084162 1.6907851 1.8525735 1.5995768 2.3008020 0.2659702 0.0536616 0.0000000 1.8828110 1.8670316 0.3035689 0.3061025 0.3489829 0.2321480 0.9248369 0.3548812 0.1882543 0.4333377 0.1903786 0.6028015 0.1070573 0.1945129 0.3592695 2.3175013 0.8421082 0.8116649 2.5634590 2.5775194 2.5892799 2.4855575 2.3604921 0.9712475 1.0455832 0.8625638 0.9322051 0.8913898 2.7575813 1.1255866 0.5980001 2.8063744 2.8472805 2.8482978 2.9740563 1.9471650 3.0412868 1.3620008 1.3501896 0.9638082 2.9344811 1.0823918 1.7171135 2.8833213 2.8691874 3.0122805 3.1105117 4.4540575 3.9823282 4.0324952 4.3998278 4.3719486 5.3144356 
lcl|NC_038369.1_prot_YP_009505902.1_1 1.0902076 1.0667840 1.1043729 1.0492826 1.0584580 1.0530806 0.9530180 1.0035966 0.9562418 1.0751115 1.0226865 1.0272217 1.0365484 1.0254053 1.0416687 0.6253349 1.1022672 1.1368357 1.0992918 1.0759500 1.0365211 1.0365120 0.9359875 1.0245029 1.2368914 1.1546360 1.0811880 1.2109753 1.2607892 1.3498358 1.9109197 1.8965359 1.8828110 0.0000000 0.0660068 2.0089052 1.9752933 1.8502907 1.9082693 2.1486952 1.8418662 1.8698809 1.9263002 1.8823327 1.9663493 1.9378866 1.8904420 1.8041106 1.3515220 1.9133926 2.0511131 1.7231251 1.7169712 1.7334745 1.4529048 1.5211367 2.0623579 2.0008137 1.9845032 2.0250798 2.1935971 2.0250128 1.8363170 1.9434500 1.8184752 2.0456295 2.0035656 2.2433879 1.6854296 2.3754547 2.0559792 2.0428867 2.0449640 2.1227513 2.1864737 2.5232323 3.0145053 3.0403136 3.6994847 3.2358599 4.8048972 4.7759956 4.7277701 4.5896588 5.0954116 5.6937668 
lcl|NC_003102.1_prot_NP_258366.1_1    1.0912402 1.0794895 1.0816806 1.0172576 1.0262114 1.0243966 0.9458000 0.9839010 0.9425957 1.0749797 1.0185132 1.0223927 1.0209878 1.0152186 1.0260540 0.6387127 1.0743499 1.1295786 1.0945940 1.0665626 1.0529350 1.0505497 0.9505423 1.0259234 1.2316292 1.1733284 1.0783735 1.1866451 1.2724526 1.3271480 1.9139739 1.8960006 1.8670316 0.0660068 0.0000000 1.9763063 1.9843202 1.8367431 1.8799281 2.1102391 1.8238634 1.8488211 1.9310518 1.8610830 1.9338395 1.9210970 1.8534827 1.7933143 1.3270203 1.9255566 2.0377470 1.7063529 1.7062517 1.7226594 1.4620350 1.5325429 2.0516233 2.0015107 2.0234623 2.0109673 2.1585985 1.9837042 1.8609566 1.9079992 1.8100014 1.9919857 1.9935883 2.2151447 1.6683421 2.3336235 2.1053392 2.0989639 2.1076181 2.0927897 2.1220483 2.4984055 3.0489947 3.0403848 3.6443384 3.1842889 4.7884888 4.5785678 4.7284009 4.4666165 5.1487972 5.5798075 
lcl|NC_007767.1_prot_YP_473294.1_1    1.5977719 1.5817395 1.6057530 1.5783829 1.5821520 1.5963853 1.4888500 1.5624196 1.5825549 1.6029550 1.5703849 1.5677069 1.6191784 1.5079272 1.6271557 1.6449840 1.6329713 1.5228789 1.5684106 1.5994907 1.6670447 1.6694814 1.6369503 1.5226880 1.8631661 1.7210939 1.6514214 1.8211068 1.5721344 2.2455445 0.2527788 0.2960652 0.3035689 2.0089052 1.9763063 0.0000000 0.3227233 0.4287387 0.3537300 0.9560195 0.4112102 0.3008545 0.4893713 0.3034206 0.6924933 0.3766377 0.3056716 0.4139459 2.2002882 0.9016441 0.8460755 2.6559686 2.6776968 2.6899265 2.4769297 2.3791303 0.9878498 1.0960144 0.9621475 0.9441844 0.9741034 2.8382889 1.1680284 0.6465671 2.9868407 2.8833667 2.8461040 2.8821511 1.9559648 2.9453764 1.4149192 1.4036466 1.0211138 2.9748190 1.1417222 1.7388544 2.9898088 2.8656046 3.0775488 3.2884307 4.7207975 4.4005158 4.1582899 4.9044921 4.5202662 5.6687056 
lcl|NC_008035.3_prot_YP_611070.1_1    1.7250117 1.7022159 1.7459037 1.6544926 1.6592471 1.6690849 1.5584338 1.6279619 1.6796104 1.6617373 1.6090580 1.6110196 1.6780730 1.5986445 1.6864326 1.6607349 1.6776731 1.6361433 1.6197232 1.6335643 1.7154537 1.7179805 1.7016000 1.6006135 1.9577961 1.7210701 1.7374515 1.9604701 1.6493063 2.4271843 0.2402803 0.3106925 0.3061025 1.9752933 1.9843202 0.3227233 0.0000000 0.4167867 0.3492959 0.9333563 0.4208014 0.3008062 0.5392664 0.3020857 0.7111166 0.3700774 0.3089239 0.4204963 2.4019350 0.8898859 0.8431270 2.6518481 2.6240665 2.6379743 2.5439491 2.4529399 1.0018266 1.0966981 0.9456649 1.0077552 0.9580849 2.9315234 1.1964274 0.6438862 2.9780241 3.0327788 2.9725994 3.0986868 1.9799420 3.1009217 1.4098858 1.3950907 1.0379590 3.0617958 1.1574117 1.8100162 2.9543690 2.8112991 3.0842466 3.3068322 4.5196827 4.2522845 4.0469302 4.7661699 4.2881552 5.2235234 
lcl|NC_001962.1_prot_NP_047452.1_1    1.6480928 1.6314967 1.5793814 1.5796009 1.5865215 1.6063579 1.4742021 1.6085078 1.6176667 1.6278609 1.4826722 1.4970057 1.5485192 1.5565741 1.5561479 1.5314425 1.5747224 1.5156931 1.4946533 1.5281281 1.5753430 1.5776070 1.6524181 1.4932243 2.0500998 1.7005069 1.5987839 1.9038137 1.5352475 2.3309798 0.3582552 0.3387581 0.3489829 1.8502907 1.8367431 0.4287387 0.4167867 0.0000000 0.3634180 0.8950380 0.0644737 0.3590729 0.3889159 0.3587839 0.5596742 0.4206305 0.3719286 0.1403185 2.2428499 0.7909756 0.8148162 2.4618105 2.4431148 2.4540541 2.4732357 2.3457101 0.9770021 1.1093280 0.8841839 0.9562483 0.9524626 2.7501815 1.1315328 0.5515683 2.7821482 2.7551551 2.7790316 2.9653601 1.9235809 2.9205137 1.3621602 1.3665457 0.9853375 2.8764586 1.0667463 1.7236303 2.9973535 2.8606807 3.2189761 3.1931902 4.2381774 4.2232278 3.9264040 4.4831468 4.4187908 5.1850287 
lcl|NC_003083.1_prot_NP_203211.1_1    1.7367514 1.6985425 1.6873163 1.6095327 1.6156784 1.6289560 1.5461812 1.6228097 1.6341772 1.7024198 1.5231413 1.5322673 1.6111473 1.4942822 1.6190756 1.6044779 1.5921934 1.5042577 1.5645881 1.6059024 1.6106224 1.6129776 1.6169261 1.5001009 1.9713949 1.7334980 1.6677635 1.9243477 1.5345109 2.2899936 0.3270151 0.2172687 0.2321480 1.9082693 1.8799281 0.3537300 0.3492959 0.3634180 0.0000000 0.9442002 0.3798852 0.2479317 0.4606139 0.2488100 0.6377390 0.2853030 0.2454637 0.3902740 2.3400093 0.8510892 0.8318390 2.5809850 2.5892885 2.6010325 2.4727151 2.3320997 0.9619698 1.0182397 0.8862829 0.9615999 0.9255491 2.8115410 1.0853354 0.6644744 2.7962662 2.8348362 2.8601695 2.9298275 1.9213531 2.9905958 1.3479916 1.3258926 0.9563404 2.8650100 1.1190160 1.7310580 2.8034775 2.8637004 3.1137342 3.1496833 4.2816281 4.1116937 4.0699514 4.4303837 4.4543517 5.3462371 
lcl|NC_004062.1_prot_NP_663198.1_1    1.8184919 1.7811642 1.8301280 1.6996950 1.7169554 1.7458971 1.7175631 1.7038088 1.6941805 1.7271812 1.7731809 1.7976351 1.7927596 1.5990986 1.8015263 1.8718630 1.7973943 1.5942560 1.7052916 1.7186032 1.6300533 1.6324101 1.6871874 1.6614104 2.2206122 1.8018949 1.9151306 2.0102715 1.6623138 2.4052454 0.8765413 0.9033754 0.9248369 2.1486952 2.1102391 0.9560195 0.9333563 0.8950380 0.9442002 0.0000000 0.8765550 0.9112309 0.8988462 0.9153972 1.0296870 0.9918715 0.9263111 0.8764136 2.2723378 0.6371988 0.6713382 2.6822828 2.6470281 2.6755696 2.5443760 2.4338426 0.7239116 1.0927465 0.7289529 0.7349328 0.7550032 3.0258425 1.2453464 1.1656518 2.9720699 2.9846377 2.9451435 3.1395483 1.9793375 3.2600180 1.1817344 1.1750498 0.8456346 2.9288748 1.0467615 1.7113145 2.7708973 2.8934929 2.8140357 3.3256879 4.5910241 4.1187734 4.3833301 4.2840234 4.8479124 5.5982531 
lcl|NC_001623.1_prot_NP_054075.1_1    1.6157646 1.6002330 1.5726562 1.5348860 1.5415489 1.5584822 1.4450913 1.5777404 1.5825021 1.5810414 1.4818214 1.4821872 1.5388454 1.5101418 1.5464256 1.5197609 1.5792457 1.4971830 1.4836348 1.5080915 1.5330366 1.5352219 1.6365797 1.4920661 2.0177361 1.6598591 1.5994857 1.8427427 1.5170972 2.3239626 0.3491261 0.3457573 0.3548812 1.8418662 1.8238634 0.4112102 0.4208014 0.0644737 0.3798852 0.8765550 0.0000000 0.3543850 0.3678115 0.3571210 0.5637001 0.4288018 0.3691960 0.1146548 2.2414883 0.7809793 0.8107035 2.4594650 2.4266690 2.4375147 2.4801687 2.3189929 0.9530081 1.0812962 0.8794342 0.9139966 0.9217347 2.7948858 1.1140372 0.5377605 2.8155860 2.7899420 2.7818978 2.9210442 1.9177865 2.8957242 1.3164128 1.3143797 0.9362564 2.7992319 1.0696565 1.6990999 2.9273190 2.8313988 3.0862434 3.1117687 4.2324729 4.0499143 3.8484036 4.4184244 4.3386200 5.2114097 
lcl|NC_008520.2_prot_YP_803443.1_1    1.5917439 1.5710390 1.6615101 1.5589013 1.5689167 1.5870325 1.4423359 1.5618695 1.6017540 1.6213104 1.5060011 1.5096320 1.5691612 1.4710253 1.5769174 1.5793335 1.5858565 1.5204185 1.5525863 1.5392707 1.6182768 1.6206367 1.6108443 1.4706292 1.9242265 1.6980301 1.6888509 1.8869714 1.5733433 2.2829151 0.2615426 0.1978536 0.1882543 1.8698809 1.8488211 0.3008545 0.3008062 0.3590729 0.2479317 0.9112309 0.3543850 0.0000000 0.4698641 0.0014560 0.6445807 0.2507502 0.0358915 0.3573571 2.2507784 0.8172784 0.7735630 2.5648937 2.5680961 2.5797408 2.4891509 2.4045036 0.9437710 1.0284743 0.8924374 0.9565085 0.8877153 2.7910869 1.1525533 0.6172036 2.7678528 2.8264800 2.8453976 2.9984536 1.9259767 3.0828154 1.3513080 1.3312769 0.9840848 2.9028300 1.0469357 1.7179229 2.8413336 2.8100728 3.1555349 3.1318156 4.3842644 4.0115254 4.1463695 4.6146633 4.5464470 5.0830882 
lcl|NC_043520.1_prot_YP_009666463.1_1 1.7178887 1.7082219 1.6332437 1.6651742 1.6811188 1.6745357 1.5233881 1.5898630 1.6140962 1.6903759 1.5461289 1.5362439 1.5844909 1.5124782 1.5922715 1.6524163 1.6121512 1.5709242 1.4704784 1.5639214 1.5702859 1.5725440 1.6270487 1.5057195 2.0207619 1.6950701 1.6923704 1.9367374 1.6103112 2.3393744 0.4655475 0.4163150 0.4333377 1.9263002 1.9310518 0.4893713 0.5392664 0.3889159 0.4606139 0.8988462 0.3678115 0.4698641 0.0000000 0.4730963 0.5498701 0.5136683 0.4788377 0.3671241 2.3648931 0.8071370 0.8026629 2.5383712 2.5800038 2.5916753 2.3475565 2.3592948 0.8615507 1.0559535 0.8211132 0.8795345 0.9127623 2.8707040 1.1054889 0.5356108 2.7520387 2.9111096 2.8425181 3.1471301 1.8803107 3.2081089 1.3134466 1.2905711 0.9986041 2.7907345 1.0578815 1.7477296 2.9374086 2.9845678 3.0479269 2.9233013 4.6242410 4.1943768 3.8387092 4.1639540 4.4313832 4.9143234 
lcl|NC_031761.1_prot_YP_009316129.1_1 1.6018441 1.5809900 1.6574473 1.5659879 1.5760427 1.5942333 1.4512045 1.5717557 1.6119514 1.6316125 1.5156143 1.5192705 1.5792394 1.4778886 1.5870553 1.5863478 1.5958980 1.5302825 1.5625192 1.5490751 1.6284748 1.6308553 1.6166129 1.4775286 1.9369059 1.7056212 1.6965941 1.8992978 1.5840245 2.2944708 0.2638999 0.2000016 0.1903786 1.8823327 1.8610830 0.3034206 0.3020857 0.3587839 0.2488100 0.9153972 0.3571210 0.0014560 0.4730963 0.0000000 0.6412077 0.2530966 0.0374512 0.3601087 2.2613025 0.8160612 0.7774906 2.5767206 2.5868195 2.5985788 2.5003239 2.4213032 0.9465015 1.0322137 0.8978761 0.9599446 0.8909984 2.8012930 1.1568340 0.6139339 2.7796670 2.8367398 2.8556611 3.0084837 1.9345188 3.0931817 1.3595654 1.3394046 0.9900313 2.9126569 1.0507401 1.7143339 2.8636859 2.7901066 3.1804127 3.1467502 4.3437693 3.9938436 4.1639965 4.5289266 4.5293707 5.0642528 
