7
NC_009011.2     0.00000000 0.00398248 0.00430782 0.00408302 0.00883278 0.00392251 0.73528609 
HM595733.1      0.00398248 0.00000000 0.00456812 0.00012498 0.00848037 0.00230167 0.73111752 
EU258200.1      0.00430782 0.00456812 0.00000000 0.00470463 0.00884168 0.00447017 0.73025304 
JF899325.1      0.00408302 0.00012498 0.00470463 0.00000000 0.00738764 0.00246121 0.73370903 
KF891883.1      0.00883278 0.00848037 0.00884168 0.00738764 0.00000000 0.00864924 0.71916677 
genome_assembly 0.00392251 0.00230167 0.00447017 0.00246121 0.00864924 0.00000000 0.73110219 
NC_002169.1     0.73528609 0.73111752 0.73025304 0.73370903 0.71916677 0.73110219 0.00000000 
