7
HM595733.1       0.00000000 0.00469146 0.00012498 0.00407544 0.00896204 0.00235891 0.74800225 
EU258200.1       0.00469146 0.00000000 0.00483714 0.00441830 0.00937133 0.00459498 0.74712605 
JF899325.1       0.00012498 0.00483714 0.00000000 0.00418265 0.00774426 0.00252523 0.74989094 
NC_009011.2      0.00407544 0.00441830 0.00418265 0.00000000 0.00936192 0.00404219 0.75079949 
KF891883.1       0.00896204 0.00937133 0.00774426 0.00936192 0.00000000 0.00919073 0.73947905 
sfmnpv_argentina 0.00235891 0.00459498 0.00252523 0.00404219 0.00919073 0.00000000 0.74775830 
NC_002169.1      0.74800225 0.74712605 0.74989094 0.75079949 0.73947905 0.74775830 0.00000000 
