13
lcl|NC_044938.1_prot_YP_009701559.1_1 0.0000000 0.8694387 0.8107614 0.7220538 0.8416508 0.8226140 0.7502818 2.0721124 2.6032606 3.1011871 2.9096321 2.7448985 3.5718390 
lcl|NC_044939.1_prot_YP_009702090.1_1 0.8694387 0.0000000 1.0973613 0.9871575 0.0358408 1.0563959 1.0304130 2.1031724 2.6451385 2.9242851 2.9556200 2.6773253 3.2629121 
lcl|NC_043530.1_prot_YP_009666702.1_1 0.8107614 1.0973613 0.0000000 0.4636898 1.0937259 0.3451305 0.4837249 1.9600576 2.4886784 2.8008252 2.6271256 2.7575304 3.0703767 
lcl|NC_023681.1_prot_YP_009011089.1_1 0.7220538 0.9871575 0.4636898 0.0000000 0.9901614 0.4930311 0.0190044 2.0727069 2.4538401 2.9592173 2.6642257 2.7935297 3.0800670 
lcl|NC_009233.1_prot_YP_001110941.1_1 0.8416508 0.0358408 1.0937259 0.9901614 0.0000000 1.0554759 1.0452718 2.1532921 2.6873441 2.7866234 2.9854279 2.7645199 3.1619090 
lcl|NC_003529.1_prot_NP_613113.1_1    0.8226140 1.0563959 0.3451305 0.4930311 1.0554759 0.0000000 0.5120291 1.8134257 2.6341358 2.9955838 2.6327453 2.7590199 3.2495071 
lcl|NC_004117.1_prot_NP_689200.1_1    0.7502818 1.0304130 0.4837249 0.0190044 1.0452718 0.5120291 0.0000000 2.0647604 2.4919972 2.9756105 2.7519926 2.8440995 3.0882560 
lcl|NC_026511.1_prot_YP_009121884.1_1 2.0721124 2.1031724 1.9600576 2.0727069 2.1532921 1.8134257 2.0647604 0.0000000 0.8115819 3.6385294 3.0827563 2.5775793 4.1092470 
lcl|NC_009011.2_prot_YP_001036315.1_1 2.6032606 2.6451385 2.4886784 2.4538401 2.6873441 2.6341358 2.4919972 0.8115819 0.0000000 3.5130494 3.1569301 2.9065588 4.0373748 
lcl|NC_003102.1_prot_NP_258374.1_1    3.1011871 2.9242851 2.8008252 2.9592173 2.7866234 2.9955838 2.9756105 3.6385294 3.5130494 0.0000000 3.3132510 3.0494171 0.6576647 
lcl|NC_044938.1_prot_YP_009701499.1_1 2.9096321 2.9556200 2.6271256 2.6642257 2.9854279 2.6327453 2.7519926 3.0827563 3.1569301 3.3132510 0.0000000 0.0499959 3.6097686 
lcl|NC_044939.1_prot_YP_009702029.1_1 2.7448985 2.6773253 2.7575304 2.7935297 2.7645199 2.7590199 2.8440995 2.5775793 2.9065588 3.0494171 0.0499959 0.0000000 3.3788807 
lcl|NC_038369.1_prot_YP_009505911.1_1 3.5718390 3.2629121 3.0703767 3.0800670 3.1619090 3.2495071 3.0882560 4.1092470 4.0373748 0.6576647 3.6097686 3.3788807 0.0000000 
